Id,geacron_similarity,concept_similarity
816,0.6964,0.7471186656066799
673,-1,0.75918595408933
1067,0.8963,0.74058501672202
1764,-1,0.7854461030512
1064,0.8924,0.5527456214709
306,0.725,0.75806392439393
1206,0.8902,0.79929573606584
1083,0.7,0.7216036595215001
1125,0.8904,0.86134226745738
1658,-1,0.76532389700643
659,0.8927,0.82659784341255
147,0.8934,0.87945383362536
317,0.8996999999999999,-1
696,-1,0.73699654647252
800,0.5764,-1
1239,0.7669,-1
1889,-1,0.75376696581805
1614,-1,0.77823489012365
1272,-1,0.77091817278422
606,0.7906,0.82464753140119
1908,-1,0.75275934726879
1715,-1,0.7432251168391599
136,0.6994,0.7566884507609399
328,0.8955,0.901738335676639
1767,-1,0.71226677573661
611,0.8921,0.81805499328088
252,0.8969,0.76865607371121
1378,0,-1
408,-1,0.76498614999703
1997,-1,0.74996598070823
827,0.9991,-1
1728,-1,0.7488118004420901
1424,0,-1
1044,0.7935,0.75885281276892
1948,0.8976999999999999,0.69314739818677
431,0.8975,0.8248721114477
1194,0.8943,0.81087335491961
1683,-1,0.75673663577062
326,0.5932,-1
577,0.9995,0.74511379042154
874,0.7746999999999999,-1
1785,0.791,0.77716489171007
839,0.9991,0.901021112757281
2062,-1,0.82898782237284
135,0.8927,0.82080230895829
1887,-1,0.75324962288453
1061,0.8924,0.54981811732345
946,0.8947,0.73232783765365
1312,0.8985,0.78155561716801
1292,0.8934,0.7922427867241
396,-1,0.7344685096189401
1688,-1,0.75649371635184
75,-1,0.77238933802603
2027,-1,0.82725467781537
652,0.7384999999999999,0.79794400085713
257,0.8985,0.78391014600952
1804,-1,0.69570039736005
371,0.6920999999999999,0.7502289038402901
150,0.7992,0.76820999646016
1186,0.7914,-1
341,0.8927,0.7821664923163301
1705,-1,0.7561123417542099
1991,0.788,0.73715008119153
820,0.8776,0.82837618373452
1727,-1,0.76965744600812
1996,0.887,0.76567256235674
843,0.9991,-1
1270,-1,0.76946018591041
1364,0.7927,-1
80,-1,0.73735433600703
749,0.8989,0.88911370619511
350,0.8927,0.82388627921216
973,0.8976999999999999,0.72930276000526
2008,-1,0.83853226985785
27,0.8927,0.79249565648687
1460,0.8973,0.75031667495081
866,0.7,-1
1352,0.7927,-1
249,0.8966,0.79389411528423
1004,0.791,-1
372,0.8985,0.81093523195412
836,0.9991,0.9023444390558291
1109,0.9999,0.76085260107494
963,-1,0.7480261785353499
1252,0.8827,0.84840847539927
1168,0.8938,0.87380003939966
1222,0.8967,0.81826392458859
1477,0.8733,-1
228,0.8952,0.8141580746048
1566,0.7904,0.81961793370088
1933,-1,0.76118705171595
823,0.9992,0.887557473553
1678,-1,0.7570628508475
1659,-1,0.7323953430457699
1935,0.7938000000000001,0.7543730112283
1590,-1,0.76619570654279
1120,0.7402,0.84329673136964
269,0.6903,0.78483102944811
1466,-1,0.76363032779008
282,0.8992,0.77633281239565
1560,0.8607,-1
1884,-1,0.75221892010902
2070,-1,0.85096490784526
1234,0.9991,-1
1595,-1,0.77820326954051
832,0.9993,0.88889829457182
1747,0.6228,-1
1620,-1,0.77151890881444
1810,-1,0.73643102174615
1307,0.8974,0.79040464501776
1423,0.7981,-1
1631,0.8882,-1
287,0.8943,0.80286560092136
2004,-1,0.85124909960796
2025,-1,0.83878603703636
398,-1,0.63518802854151
130,0.7598,0.7279096225933299
1266,0.7919,-1
580,-1,0.71736072523972
1554,-1,0.7594930470001799
1198,-1,0.75919717610156
1825,-1,0.79552994353582
828,0.9997,-1
1260,-1,0.7023511523593999
348,0.8927,0.81796197386298
675,0.6997,0.86687744773893
1954,-1,0.75277009640381
17,0.8921,0.8211197469838301
1165,0.8981,-1
454,0.7971,0.76327529962186
572,-1,0.7508277354521999
260,0.8971,0.76294372907372
1113,0.7402,0.83228911157748
23,0.8947,0.78177315851922
30,0.8947,0.7817746347104
268,0.7903,0.79103397878825
661,0.8927,0.84063654856779
544,0.7483,-1
912,0.8959,0.72622970457705
1546,-1,0.74678499011999
2058,-1,0.8122000768233
856,-1,0.77484978669704
1845,-1,0.75227247916248
342,0.8927,0.8294879843891401
990,0.7942,0.78518337099006
1137,0.7901,-1
604,-1,0.77881582803825
133,-1,0.75799928996703
777,0.8943,0.75778759997459
305,0.7985,0.71451619192089
754,0.6988,-1
1873,-1,0.7522496985570399
1470,0.8994,0.7471338596497901
1766,-1,0.7338919075194801
421,0.8943,0.7832439287631
1964,-1,0.7659110287736
259,0.8971,0.76521888696245
1042,0.7935,0.77376269440606
750,0.8989,0.85825418761256
1982,-1,0.75272242723224
1936,-1,0.73823976613244
573,-1,0.75114916498926
727,0.7402,0.83725266532088
1581,0.7934,0.75442083944968
1672,-1,0.7206278553359899
1701,-1,0.7567487017367001
1630,-1,0.72607206208933
1834,-1,0.78152314059188
1057,0.7864,0.71332083206526
1656,-1,0.74425836800521
1139,0.8904,0.75734588393674
863,0.7984,0.88306325138413
1401,-1,0.74780637711313
2093,-1,0.7772901182035901
210,0.2703,-1
1484,0.8943,0.82365905951017
1760,0.6228,-1
1903,-1,0.75224938599643
1542,-1,0.80577457129178
1552,-1,0.75707589469948
24,0.8985,0.7488987651815899
254,0.8991,0.76237762894808
1802,-1,0.7407588914405
2089,-1,0.78270948316245
1054,0.8904,-1
854,-1,0.76144759010651
1687,-1,0.75611712794952
1623,-1,0.76735193594118
1430,0.6975,0.76807519726846
1158,-1,0.71320156887328
1450,0.8973,0.73268105215263
2039,0.6971,-1
1898,-1,0.7503792988698
229,0.8947,0.78471350078584
1537,-1,0.78945426885268
638,0.8971,0.76521304130739
279,0.8989,0.7841143845266401
417,-1,0.75677833304954
54,0.8976999999999999,0.75964213791459
1236,0.999,-1
1731,-1,0.7397707998681999
808,0.7908,0.87130125153203
1526,0.4565,-1
1334,0.6994,-1
1311,0.8985,0.79842854979213
1415,0.8582,0.73727743836998
829,0.9999,-1
209,0.7904,0.8235120061030801
1159,-1,0.78210615825109
1532,-1,0.74723004290163
768,0.7905,0.89379559978947
528,0.47809999999999997,-1
70,0.7802,0.6007029257351699
448,-1,0.73402830450973
90,-1,0.75333124233681
940,0.8994,0.78973141998901
844,0.9995,-1
545,-1,0.69313942560365
1038,0.7935,0.73183570845738
1877,-1,0.7532298212499999
947,0.7999,0.7564712755679
926,-1,0.82650496989689
1761,-1,0.78571978899422
622,0.6920999999999999,0.7867468138934199
123,-1,0.69547424230291
406,-1,0.6921390577032001
720,0.9991,-1
1748,0.6228,-1
2040,-1,0.77638746941579
559,-1,0.7087630365944599
1051,0.8956,-1
1372,0.7993,-1
437,-1,0.77777606404846
14,0.5065,-1
1487,0.895,-1
410,-1,0.75336642214278
802,0.7312000000000001,-1
1643,0.8882,-1
1119,0.7402,-1
530,0.5065,-1
325,0.6997,0.86154369029389
462,-1,0.76045297477953
2002,-1,0.79036439148783
1310,0.8985,0.7882375080895601
1584,0,-1
838,0.9991,0.904644476274723
1734,-1,0.74081017932661
1132,0.6002000000000001,-1
1071,0.5477000000000001,-1
3,0.47809999999999997,-1
432,0.8975,0.80313068727167
718,-1,0.75812045126792
928,-1,0.82650277382676
336,0.8662,-1
919,0.8963,0.78360022410508
2015,-1,0.85989468528719
900,0.8963,0.74308670831712
619,-1,0.73951538279204
1641,0.8882,-1
949,0.7796,0.73354411705665
1115,0.7402,0.83229387692586
655,-1,0.84215766490131
460,-1,0.75368922872009
1639,0.8882,-1
1995,-1,0.7194583351807899
549,-1,0.78903942382577
2035,0.7496,-1
1644,-1,0.76648844369516
395,0.8992,0.77108514472209
1861,-1,0.7522298829931
1050,0.8983,0.75930923765847
988,0.7942,0.78136294574759
1015,0.7935,0.81283905129527
942,0.8904,-1
1819,-1,0.77182428224289
1538,-1,0.72280327481915
420,0.8943,0.79388488873911
1689,-1,0.75676231103308
1474,0.8682,-1
1759,0.6228,-1
1161,-1,0.6814084935007301
1074,0.7339,-1
354,0.8921,0.81852217372459
1822,-1,0.6409821104701501
712,0.8976,0.75369092709626
104,-1,0.74076500454472
684,-1,0.77749705013949
883,0.8929,0.75611959011303
207,0.7903,0.82026113817114
224,0.8973,0.87733205606578
404,0.6997,0.7283185162614
1286,-1,0.77048881709355
1907,-1,0.7532300041861
894,0.5842,-1
584,-1,0.77322862998387
1370,0.7796,-1
1107,-1,0.75147729222963
1331,0.7638,0.75051432098076
891,0.877,0.77171989707332
50,0.6998,0.75015581513164
1097,0.8987,-1
1859,-1,0.75275342115322
960,0.8796,-1
555,-1,0.67289910903874
2094,-1,0.77730736744443
1793,-1,0.76187626314339
1340,0,-1
1925,-1,0.75348936050602
1238,0.9975,-1
113,-1,0.6015321383179
40,-1,0.71342571799201
1920,-1,0.7522314142011199
1390,-1,0.73161962947856
594,-1,0.77730503809846
220,0.8989,0.77745271912693
1465,-1,0.7555095032100401
1953,-1,0.74678173649709
316,0.8996999999999999,0.7348216921050801
1279,0.7993,-1
924,-1,0.82649990100109
450,-1,0.67521142313975
2078,-1,0.84869438992443
1413,-1,0.76112780674215
100,0.9952,0.63943523408311
1928,0.8967,-1
1436,0.7741,0.7474400309042499
564,0.8796,-1
1451,0.8973,0.74024927763201
1890,-1,0.75224228847102
384,0.8959,0.75598303023625
1391,-1,0.70790596047482
804,0.7961,0.76825329328043
163,0.8989,0.7629826402692
1900,-1,0.75324136953328
1138,0.7985,-1
639,-1,0.75634865823737
1280,0.7964,0.76960037623456
2009,-1,0.86673114358701
1600,-1,0.76647851137114
299,0.7951,0.75616985701848
168,0.8947,0.85156699893892
2036,0.673,-1
1663,0.8947,0.7825525814590499
1281,0.896,0.80135097444315
798,0.7799,-1
717,0.7903,0.72270658276746
1789,0.791,0.8855940963928
923,-1,0.82648303537288
1545,-1,0.76514211892063
1025,0.7935,0.77799335258695
574,-1,0.77971068927913
1190,0.8999,0.79148202148515
1835,-1,0.77382660020366
32,0.673,-1
1969,-1,0.73365366539971
1053,0.8904,-1
837,0.9991,0.937476405332685
1076,0.7955,0.85154329470692
1359,0.7927,-1
1180,0,-1
1726,-1,0.75501250197005
1062,0.8924,0.83847576930178
852,-1,0.80421660979147
394,-1,0.74054846990183
1840,-1,0.73545285034113
620,-1,0.7364292384255899
1175,0.6916,0.74396456646278
1215,0.7902,-1
1772,-1,0.81424082092584
1229,0.7961,0.75111562036137
1755,0.6228,-1
313,0.7384999999999999,0.75414343910753
744,0.8989,0.76841213369813
1972,0.6992,0.83844729291581
1156,-1,0.62501144319554
1197,0.8943,0.88018050825124
688,0.8648,-1
41,-1,0.77828831843903
1820,-1,0.70736759794045
387,0,0.7282329335750499
1938,0.8954,-1
1072,0.8925,0.7396057253191
1069,0.8989,0.76856039713435
310,0.6049,-1
1332,0.7399,0.73600611919844
129,-1,0.6551114109560701
1837,-1,0.77999101176676
1693,-1,0.7561278822683299
493,-1,0.6254249027944
196,0.8868,0.55866140738783
2056,-1,0.82724919138928
1605,-1,0.77760112526138
1392,0.896,0.8042518387056901
2041,0.7339,-1
1214,0.7722,-1
302,0.6985,0.75421732453024
1986,-1,0.70421411522886
1389,-1,0.73082102530868
1365,0.7927,0.76900459766071
1375,0.7938000000000001,0.77178622847686
143,0.9961,0.77577657871421
2074,-1,0.85723576097179
358,0.8927,0.8208204587446399
1192,0.8946000000000001,-1
1690,-1,0.75706773166959
1708,-1,0.7570482755908
2067,-1,0.86801600508666
977,0.8,0.84115074937677
1028,0.7935,0.7742211571037501
1412,-1,0.75472206279729
1874,-1,0.75348275173005
1773,-1,0.71663752915414
161,0.8972,0.74720997641124
2030,-1,0.82898371477058
801,0.010299999999999976,-1
1373,0.7796,-1
1382,0.8927,0.80597307257525
726,0.7384999999999999,0.8644964198465099
1103,0.7919,-1
1405,-1,0.7379765015769
1616,-1,0.7681919610858
1023,0.7935,0.76150037521859
1994,-1,0.7574154895712499
119,-1,0.61204472722278
1210,0.6997,-1
1797,-1,0.79882988978971
265,0.8971,0.76682011969514
1829,-1,0.7502961622627
1509,0,-1
1341,0.7332000000000001,-1
1182,0.5795,-1
253,0.7394000000000001,-1
897,0.8969,0.79208864830616
114,-1,0.6016899806943601
2085,-1,0.78271047157999
1443,0.8949,0.76593526597405
1604,-1,0.7660072589039499
1172,0.6909000000000001,-1
998,-1,0.65328638504839
425,0.8943,0.79622239499899
906,0.896,0.74706184130122
1646,-1,0.75330496287414
1255,0.8796,-1
948,0.6994,0.7335654178479201
2055,-1,0.8580655309874
1452,-1,0.75774089631853
1869,-1,0.75228954524343
569,0.8513999999999999,-1
1589,-1,0.7345767956465801
1152,-1,0.77866009169629
1807,-1,0.71874966045497
405,-1,0.78405257701108
1150,-1,0.64722993513748
764,0.791,0.8678195688770101
1846,-1,0.75322941507417
1444,0.865,-1
736,0.7384999999999999,0.8511180865968
1176,0.6903,0.82327287249255
1788,0.791,0.73414325592201
1940,0.8954,0.76417891315026
1558,-1,0.78173518444151
690,0.8648,-1
1564,0.8993,0.83885383293092
1796,-1,0.79841929135825
227,0.8972,-1
1246,0,0.7478428700500099
699,-1,0.68562215552189
1501,0.7796,-1
1852,-1,0.75322533890147
650,0.6454,0.78987693528153
1128,0.8904,0.78920826232561
1029,0.7935,0.7795053585787299
1005,0.791,-1
1016,0.7935,0.75287390678891
970,0.8976999999999999,0.77472491909264
79,-1,0.74525564799376
775,0.8943,0.74962195228283
1990,0.788,0.7643837868841901
463,-1,0.7225726304863
1607,-1,0.76602863350088
2018,-1,0.75448792382441
1063,0.8924,0.7984484804745999
1245,0,0.74784667849304
539,-1,0.75764673054348
84,-1,0.73549707911815
1642,0.8882,-1
1999,-1,0.74262452478014
1519,0.6971,-1
1251,-1,0.7413685875148299
1551,-1,0.7896907945866101
295,-1,0.79705438789329
120,-1,0.6042136156843401
1329,0.7777000000000001,-1
1790,0.776,-1
933,-1,0.82650556801941
1943,0.8975,0.7513835650640199
1157,-1,0.81614257774275
1433,0.8996999999999999,0.7499163080048701
624,0.6998,0.80448112113516
1621,0.8996999999999999,0.7424380641001
151,0.7927,0.86982720028802
847,0.7934,0.8853794780397
1912,-1,0.75347573621318
179,0.8973,0.86603323254113
1442,0.6111,0.80254196173749
788,0.3103,-1
319,0.9989,0.73497778462395
1962,-1,0.75384328243096
554,-1,0.73750576030747
276,0.8945,0.76267261102684
1047,0.8894,0.83953059689988
9,0.47809999999999997,-1
1093,0.6976,-1
434,0.8967,0.82123640587144
1720,-1,0.74475628407743
938,-1,0.81918049457909
239,0.8973,0.77725737151555
345,0.8927,0.77322876743805
1114,0.7402,0.83196301079618
697,-1,0.76377198945236
1636,0.8882,-1
455,-1,0.7627409874175199
149,0.6980999999999999,0.84582356688199
1478,0.8642,-1
1533,-1,0.82976354421322
739,0.8989,0.77358226523068
1257,0,-1
155,0.7975,0.74449065742875
807,0.8979,0.75881208694765
950,0.8947,0.7356892655574501
446,-1,0.7147469800209301
1549,-1,0.7421718512465
1915,-1,0.75230006639516
1853,-1,0.75274535083792
1043,0.7935,0.73752097883157
71,-1,0.77252358844803
1774,-1,0.7146146941521501
333,0.8733,-1
26,0.8985,0.74890016327605
587,-1,0.7347147405801799
1633,0.8882,-1
1831,-1,0.7654715161351799
2063,-1,0.82725544828493
803,0.7312000000000001,-1
914,0.8972,0.7376375602782199
82,-1,0.65323369429703
273,0.6903,0.8352527795131
1667,-1,0.75244064127969
1952,-1,0.75498142113819
1530,0.6977,0.75925397147176
830,0.9993,0.9043830399906589
1541,-1,0.72691049087744
779,0.8943,0.7618364528204999
301,0.7941,0.75810689619205
1957,0.8901,-1
361,0.8927,-1
433,0.7923,0.81194861328403
1758,0.6228,-1
1830,-1,0.79485519139744
49,0.6078,0.76329846026956
47,-1,0.78886225987945
724,0.7384999999999999,0.83637540397348
1302,0.8992,0.8042888178933
1080,0.5003,-1
1895,0.673,-1
1963,-1,0.7889173648422
332,-1,0.905557743114347
285,0.8919,0.7869705904748601
861,0.9991,-1
991,0.7938000000000001,-1
22,0.8992,0.8745283007245099
1806,-1,0.64655838583629
1085,0.6950000000000001,0.73209086254999
939,-1,0.85297809755369
751,0.8992,0.8550583128349
1250,0.9925,-1
1669,-1,0.7375000888747401
116,-1,0.6041787844417901
1183,0.7746999999999999,-1
1817,-1,0.76556594214894
357,0.8927,-1
412,0.7938000000000001,0.80381427146604
374,0.8967,0.78787282510371
199,0.8967,0.88778839115789
892,0.6244000000000001,-1
1574,0.7934,0.76868390120089
2072,-1,0.85049805046942
1446,0.7702,0.7524496998024199
809,0.7908,0.8754226086163
1337,0,-1
821,0.7718,0.75953505561782
1084,0.7968999999999999,0.73179356855692
36,-1,0.8485272432531
1224,-1,0.78202409117122
1555,0.8948,0.75181284843783
1971,-1,0.7178178590323
1369,0.5598000000000001,-1
1832,-1,0.78149955394116
1698,-1,0.75555120466058
641,0.8927,0.77226561094169
1104,0.7919,-1
256,0.8978,0.80010151168673
146,0.7421,-1
289,0.7943,0.8027679200964299
873,0.8979,0.85445103813776
365,0.8927,0.8264290068358
1556,-1,0.67151683011511
623,0.6920999999999999,0.78674515668672
2060,-1,0.82945429682824
1404,-1,0.73798677141281
128,-1,0.70305067311682
453,-1,0.72913479747606
1082,0.795,0.71542900100897
1213,-1,0.76133759848462
1017,0.7935,-1
1,0.47809999999999997,-1
1003,0.9998,0.79866069566011
1218,0.7729,-1
676,-1,0.76295836523796
1950,-1,0.79228114393858
1368,0.6993,0.8047531705845801
851,-1,0.74164913195035
1674,-1,0.75556605940442
464,0.7853,0.76511981349196
445,-1,0.73587918021037
999,-1,0.64485796594682
605,0.8904,0.85961384867487
1571,0.7934,0.7531217690475001
1298,-1,0.74569045646724
1870,-1,0.75324202311015
1606,-1,0.7742075402092901
178,0.8798,-1
2011,-1,0.87733645877649
634,-1,0.7459858150805301
680,-1,0.76844319051494
1001,0.7992,0.86082464338681
729,0.7384999999999999,0.84299839676805
1694,-1,0.75648272718676
538,-1,0.75546753038676
925,-1,0.82649844173043
531,0.4565,-1
596,0.8776,0.77649295103418
1651,-1,0.74459541608501
86,-1,0.69127941108397
1647,-1,0.78075873765307
1653,-1,0.75959452339148
1379,0.8925,0.80328633786847
651,0.8921,0.81814433416089
1353,0.7926,0.6562698107699501
1981,-1,0.71651661453859
887,0.7907,0.75461832186053
721,0.8991,0.7619343072299201
42,-1,0.78404771425891
1585,-1,0.73471378014426
993,0.8934,-1
1048,0.7177,-1
706,-1,0.6874745797849
1490,0.7953,-1
728,0.7384999999999999,0.84865208990451
1572,0.5902000000000001,-1
1949,0.8976999999999999,-1
1384,0.8952,0.80629828259221
21,0.8934,-1
108,-1,0.64323970486722
1167,0.8975,0.88611159469608
1753,0.6228,-1
537,-1,0.71247541024505
456,-1,0.75252625877679
1324,0.6979,-1
359,0.8927,0.7998032855200801
327,0.7905,0.56482529951409
814,0.7402,0.84253180038496
833,0.08030000000000004,-1
126,-1,0.7441376156699899
1680,-1,0.75555479373998
145,0.6228,0.74569152805567
1841,-1,0.73515889683055
1876,-1,0.75323441963863
158,0.9996,0.7472048069105199
1009,0.7935,0.7402659527731801
731,0.7384999999999999,0.84285172078457
1386,0.8946000000000001,0.74155103876046
1455,0.8998,0.75817802488112
43,-1,0.78267010067403
1645,-1,0.7781987338134699
2073,-1,0.84869301308186
1098,0.8987,-1
1527,0.4565,-1
1454,0.7879,0.75209597432881
678,-1,0.72743528075953
153,0.9991,-1
351,0.8927,0.82072970364771
415,0.8946000000000001,0.75261111524589
1008,0.7935,0.74141935209121
1888,-1,0.75277030981405
1781,-1,0.7549525350244
805,0.8979,0.77057108676425
367,0.8927,0.82756558506175
922,-1,0.82649457857576
262,0.8967,0.7890749377658199
243,0.8967,0.81811668014548
1322,0.8985,0.7517288029403
292,0.8994,0.77604061823491
1407,0.8719,-1
2022,-1,0.68549537366319
68,-1,0.78735584840044
1291,0.8934,0.79208737355985
1417,0.8972,0.7427629328702801
1926,-1,0.79341483952694
112,-1,0.60355268649945
69,0.8971,0.77707272575583
1201,0.8976,-1
489,0.7827,0.74586216606477
65,0.8985,0.7488862423981699
248,0.6920999999999999,0.7867487805178
1632,0.8882,-1
99,-1,0.6532453543252801
1657,-1,0.7596575214048
2081,-1,0.85049178981384
879,0.8649,0.76831148151643
1918,-1,0.75277726868207
761,0.7919,0.89566815125473
521,0.6961999999999999,0.7478417586742501
983,0.7991,0.74335023040144
1838,-1,0.78004126397962
1736,0.8973,0.7324368381169
81,-1,0.75039252297326
2095,-1,0.7773225664821
2014,-1,0.86035799230255
1729,-1,0.76965834978924
1573,0.7934,0.76816451517451
215,0.897,0.83235703073544
1105,-1,0.77128624359601
1462,0.8973,-1
2066,-1,0.86265233572305
709,-1,0.75674757050372
296,0.7987,0.7497217139929
465,0.6997,0.77055058150682
2031,0.7,-1
438,0.8958,0.82955435124772
880,0.7672,0.7661735191421299
951,0.8947,0.73355840673882
1227,0.8961,0.74879739554088
156,0.8976999999999999,0.76629977150715
1666,-1,0.75457876321647
1867,-1,0.75221508250259
214,0.8989,0.80500646728336
818,0.6964,0.86413920535547
1956,-1,0.78362591335318
297,0.7916,0.7538582939076099
1153,-1,0.7371989506654499
567,-1,0.73913104071857
813,0.7919,0.7499877672154001
1868,-1,0.7534660026987
267,0.7903,0.7522328223378401
329,0.8974,0.88725656994315
1686,-1,0.75554903987582
1722,-1,0.75353497538868
1757,0.6228,-1
105,-1,0.6498753001305799
118,-1,0.69090547659182
1893,-1,0.75348721759291
1622,-1,0.76602510677265
583,0.9,-1
1608,-1,0.77762814187394
1916,-1,0.75323913125632
589,0.7992,0.76872629099152
1241,0.7473000000000001,-1
602,-1,0.7238194113240499
1596,-1,0.76638669750929
1203,0.8994,0.75634228998726
875,0.6994,0.77029809542719
1540,-1,0.7517648760099
1018,0.7935,-1
1393,0.8796,-1
67,0.8994,0.78876441257074
1188,-1,0.77884476338666
38,0.8965,0.74456567192303
1088,0.7988,0.76398013104951
402,-1,0.76769275213327
1278,0.7927,0.83242026211274
1030,0.7935,0.76305108085642
1117,0.7402,-1
1503,0.7796,-1
10,0.2056,-1
1185,-1,0.78194059965068
660,-1,0.73661944782863
230,0.8959,0.8406331071486299
1756,0.6228,-1
1521,0.4565,-1
679,-1,0.7664752068903999
368,0.8927,0.82725549606438
1011,-1,0.75766197791915
102,-1,0.63954523133827
1649,-1,0.78767981784466
701,-1,0.7119251084418801
1717,-1,0.74375787514877
186,0.8973,0.76601418541899
582,0.7679,-1
1122,0.7942,0.84063420442224
1178,0.7399,-1
1344,0.7968,0.73320913432717
1495,0.8905,-1
941,0.8972,0.75439189785326
303,0.6978,-1
180,0.8796,0.8281416442874601
2037,0.8202,-1
2029,-1,0.82897673170104
25,0.8985,0.7489002001049401
795,0.8973,0.7673892473245401
1913,-1,0.75347346283283
315,0.8996999999999999,0.77179551298971
635,-1,0.7226885957167
1388,-1,0.68250691203055
746,0.7928,-1
1145,-1,0.81638117448419
443,-1,0.76346063004226
1315,0.8985,0.77813276145067
1488,0.75,-1
234,0.895,0.77936631963072
1562,0.8607,-1
1598,-1,0.7665332501509701
1875,-1,0.75229452131708
1447,0.7802,-1
1707,-1,0.75674379495086
1543,-1,0.79236310107012
1960,-1,0.8090982835907
2090,-1,0.77732879828547
472,-1,0.7982145753756
911,0.8963,0.74631662682487
1670,-1,0.750808802077
96,-1,0.7533301684318
1795,-1,0.77647549746473
1399,0.9951,0.75932282692677
1723,-1,0.75403561765956
1780,-1,0.75822302063716
1258,0.79,0.81180725456228
1737,-1,0.75077949244375
142,0.7921,0.80964124518349
1179,0,-1
137,0.673,-1
206,0.7906,0.80634044330634
1634,0.8882,-1
1136,0.7901,-1
457,-1,0.7412389453061601
2042,0.6823,-1
382,0.8706,-1
2020,-1,0.7241665780662401
551,-1,0.74704124054067
1602,-1,0.76661426997688
943,0.7947,0.7356767951087599
193,0.7904,0.7374348337994601
1398,0,-1
1771,-1,0.75753584797409
1827,-1,0.75023034939774
745,0.8989,0.86957070710392
1012,-1,0.77773643989701
985,0.7938000000000001,0.75097111499748
576,0.6302,-1
1261,0,-1
961,0.8965,0.76163840994553
899,0.8964,0.7374366877217
182,0.4819,-1
73,-1,0.76221260620608
355,0.8927,-1
173,0.8994,0.86460202116658
782,0.896,0.7762019978381101
1445,0.6221,0.74889413541112
1147,-1,0.63370750466083
219,0.8989,0.8051482780058
964,-1,0.71746283346434
444,-1,0.78828875457307
1677,-1,0.75675398786546
1219,0.7746999999999999,-1
1763,-1,0.7244702293997001
1022,0.7935,0.73357150257614
1988,-1,0.7510509672355
1609,-1,0.76633493197364
467,-1,0.7086428047672599
793,-1,0.7135610475533201
629,-1,0.74386131718668
858,-1,0.76393888870175
13,0.5065,-1
330,0.8954,0.8695147939385
1325,0.6979,0.76450692743099
1420,0.7939,-1
18,0.8921,0.8214516109538
1481,0.7352000000000001,-1
698,-1,0.76620961240524
862,1.0,-1
1400,-1,0.6589517018886499
1812,-1,0.7479559918279499
1434,0.7785,-1
393,0.9991,0.75896547269965
271,0.7928999999999999,0.81358614736471
1939,0.8954,0.7508748663043701
1493,0.8907,-1
386,0.6995,0.74042191555376
857,-1,0.76250006280884
930,-1,0.8264999666858199
765,0.8972,0.84351651096016
1811,-1,0.7459608579652199
1901,-1,0.75276508172088
1625,-1,0.75233006708421
1516,0.7852,-1
1882,-1,0.7534724218077999
1654,-1,0.7354993742028
98,0.8796,0.73110167462124
1568,0,-1
806,0.8979,0.7667026908614301
449,-1,0.71496095031005
1700,-1,0.75647721885047
902,0.8963,0.69745330557825
1505,-1,0.6737334539697499
1624,-1,0.7541673778227
741,0.8989,0.71699158488796
1002,0.6985,-1
1304,0.899,0.77138563709327
39,0.8989,0.75541747828546
1878,-1,0.75275859521623
1499,0.8796,-1
183,-1,0.89639282054208
2076,-1,0.86801553821052
1525,0.4565,-1
212,0.7796,0.7910310485951
205,0.7906,0.8243861535379899
274,0.7903,0.8440857382859
725,0.7384999999999999,0.85444182439919
1777,-1,0.72996847336028
78,0.8936,0.79475560186782
1056,0.7864,0.78422944046473
1716,-1,0.74319258666954
1036,0.7935,0.7314947456757099
1127,0.8904,0.76048930204645
343,0.8927,0.82165143234748
716,0.7993,0.76065571571479
1146,-1,0.76673363312446
1195,0.8943,-1
1096,0.8987,0.7357219456924999
261,0.8946000000000001,0.77581152712074
347,0.8927,0.78856899724682
1547,-1,0.7354036873444201
1140,0.8904,0.78035845378149
595,-1,0.7737011671045699
19,0.8934,-1
1544,0.14029999999999998,-1
1872,-1,0.75374768559622
1347,0,-1
630,-1,0.76338899384554
794,-1,0.77197086677631
1883,-1,0.75347655235359
144,0.6796,0.72918377104749
953,0.6997,0.76266603860351
300,0.7898000000000001,0.78099257132735
1706,-1,0.75647423866283
523,0.7938000000000001,-1
1166,0.8992,0.81539314257013
1099,0.8987,-1
865,-1,0.77282992389273
1426,0.8956,0.7585475739980501
1092,0.7,-1
1205,0.8607,-1
318,0.8985,0.75978091870563
2092,-1,0.77732918472969
1356,0.7927,0.71622901098881
5,0.47809999999999997,-1
1801,-1,0.78341943168467
1808,-1,0.7147998992639
1718,-1,0.7441710508630299
1078,0.7955,0.82630795194284
92,0.7425999999999999,0.74826721197375
1684,-1,0.75706376594003
1500,0.7796,-1
1765,-1,0.77730604387352
2053,0.8988,-1
1482,0.8953,-1
884,0.8838,0.76613258921796
203,0.6997,0.8584089429864901
1578,0.7934,0.85757040356798
192,0.7938000000000001,-1
2101,-1,0.77652380128805
1141,0.7985,-1
1320,0.8985,0.78887540403603
1513,0.7384999999999999,-1
162,0.7947,0.75348842189541
177,0.7947,0.8312491142594001
959,0.9991,-1
1059,0.7864,-1
878,0.877,0.7327960034887799
616,-1,0.69167682360286
2038,-1,0.77826403461855
1970,-1,0.7270716697045
428,0.8943,0.7828351254747901
607,0.7906,0.82439100890562
1394,0.8796,-1
1376,0.7885,-1
1739,0.895,0.77936688610289
1783,0.791,0.77697047364623
154,0.9997,0.73512450253814
864,0.7947,0.86462775892845
1346,0.8999,0.79709653810487
400,-1,0.64887007077463
766,0.8972,0.74523161341582
1553,0.871,-1
1611,-1,0.77420228281562
956,0.8998,0.7546176033273699
979,0.7384999999999999,0.74984626896396
255,0.8985,0.7953274028017601
1934,0.7938000000000001,0.76287395130249
1985,-1,0.7081935955924701
1300,0.9991,-1
1108,0.9991,-1
379,0.6920999999999999,0.78283654228554
1303,0.899,-1
760,0.7864,0.86204264880209
654,0.7853,0.75964589061847
2894,0.5498000000000001,-1
1927,-1,0.76266770382805
610,0.8978,0.79979156646829
1848,-1,0.7537516978498
1735,-1,0.7486148828119801
1746,0.6228,-1
916,0.8965,0.78796142758121
1081,0.6497999999999999,-1
1367,0.7315,-1
1741,0.6228,-1
1259,0.7969999999999999,-1
1479,0.6915,-1
62,0.8989,0.76505073329581
1453,0.6598999999999999,0.73626529098483
1923,-1,0.75348007170105
311,0.6454,0.75817451981344
1998,-1,0.75689246718036
416,-1,0.77347503806565
115,-1,0.59569687405275
1857,-1,0.75227436489485
1046,0.6997,0.73990371629108
1366,0.7927,0.75991080898693
1425,-1,0.7348325334491099
275,0.8972,0.79102963421663
314,0.7384999999999999,0.8653584819785
1696,-1,0.75706534197063
2099,-1,0.77730167978416
1514,0.599,0.84597179221302
1170,0,-1
1070,0.9991,-1
34,0.32330000000000003,-1
1921,-1,0.75225358802363
1330,0.7352000000000001,0.74296462818527
1240,0.7373000000000001,-1
784,-1,0.73088642008546
1823,-1,0.7363501674738999
2017,0.7986,0.75449604639821
648,0,0.84203104553874
677,0.6997,0.86662322811636
1308,0.8986,0.77100270211217
2105,-1,0.7578908838513501
797,0.7746999999999999,0.81031157720041
1974,0.7945,0.73357745950608
558,0.8989,0.7639764773177999
1745,0.6228,-1
1100,-1,0.73869713880834
590,0.7992,0.7688268914122001
735,0.7384999999999999,0.81322073326964
1966,-1,0.7829446365171
1467,0.8994,0.7444116206457
767,0.8967,0.86288440297323
702,-1,0.6990808330717
1429,0.8874,-1
1946,0.8976999999999999,-1
1534,-1,0.71448379388497
1902,-1,0.75374237151783
53,-1,0.75930113775848
840,0.9997,0.964818161790064
1483,0.8947,0.81593385437757
2010,-1,0.87206607340109
710,-1,0.68714898580978
1582,0.7934,0.7476715389434301
995,0.7919,-1
1377,0,-1
1770,-1,0.80937144918517
57,0.6997,0.71074136139738
579,-1,0.78719767537161
4,0.47809999999999997,-1
366,0.8927,0.79250012019034
430,0.7912,-1
1579,0.7934,0.73065683085517
232,0.8947,0.80309644552986
1794,-1,0.84221817697111
1077,0.7955,0.82632359888553
968,0.8968,0.80483619856248
1065,0.6049,-1
397,0.8989,0.75957313561195
270,0.7928999999999999,0.79648081609081
11,0.5065,-1
165,-1,0.7697978939908801
921,0.8974,0.7818272625025
1660,-1,0.7695737464768699
349,0.8927,0.82684708051996
1863,-1,0.7522834021531299
288,0,0.80509937371181
1512,0.7796,-1
323,0.673,-1
614,-1,0.75854999688216
932,-1,0.82649025521843
1073,0.8925,0.7289857884599
419,-1,0.77986986539667
175,0,0.8482261515487
2061,-1,0.8289844597625999
2003,-1,0.82249312685019
686,0.8648,-1
1626,0.8984,0.78403162867556
1106,-1,0.74727782973913
198,0.7994,0.85977392503318
1102,0.6986,-1
1317,-1,0.7432406818228501
1290,0.8934,0.7920664722345501
1019,0.7935,-1
2019,-1,0.8120974402650201
708,-1,0.73885199377779
59,0.8882,0.7263575182473601
1362,0.7927,-1
1520,-1,0.6954945500929199
383,0.7345999999999999,0.73447141297356
238,0.896,-1
683,-1,0.6368213971677801
732,0.7384999999999999,0.83757837601855
1449,0.6228,-1
1155,-1,0.70352447779603
1441,0.6111,-1
1847,-1,0.75273926241679
2091,-1,0.7772992186228
1233,0.5974999999999999,0.73610330650261
1264,0.8887,-1
1288,0.8934,0.7504650038892899
1945,0.8904,0.71284222835145
1254,0.7898000000000001,0.80367010508962
986,0.7938000000000001,0.85853794903302
195,0.8894,0.84115413098845
1618,-1,0.7335554948938701
461,-1,0.74803802630394
1565,-1,0.71515113565476
1612,0.8942,0.7753884076891799
1550,-1,0.6931698093413801
915,0.8973,0.72268587871989
1506,-1,0.70864538482309
868,0.7896,0.8607596005160301
945,0.8801,0.73568364222147
877,0.877,0.7206913863800299
2000,-1,0.6981558945916699
1354,-1,0.7320482997597799
1202,0.6995,0.77849466747742
87,-1,0.68572002953297
290,0,0.7968517328829701
247,0.8947,0.81801879495174
774,0.8948,0.79228400976085
377,0.7972,0.76688388676163
1702,-1,0.7570567630987199
60,-1,0.77132859012273
1232,0.6972,0.75967755344017
1283,0.8959,0.7594917868654
1489,0.75,-1
763,0.8971,0.8670858787951901
1518,0.8973,0.80376322191629
1421,-1,0.78459590656796
1461,0.8973,-1
1507,-1,0.69397973490931
1563,0.8934,0.74853115087191
1897,-1,0.75375160479244
1427,0.7581,-1
1273,0.7602,-1
1721,-1,0.7536101862553399
1294,0.8934,0.7922456933390201
974,-1,0.73309188172264
575,0.7202,-1
1576,0.7934,0.7543659420069599
1371,0.7796,-1
189,0.7938000000000001,0.73838091210106
94,0.6497999999999999,-1
841,0.8673,-1
1665,-1,0.80476972421723
127,0.7895,0.77307400359601
1601,-1,0.77825478916223
97,0.8965,0.73233022625532
8,0.47809999999999997,-1
1561,0.8607,-1
44,0.8943,0.75383969155526
1358,0.7927,-1
1475,0.871,-1
45,-1,0.7567886503544801
221,0.7961,0.81175609114391
1193,0.8943,0.80338718289879
77,-1,0.8747301000123799
440,-1,0.7261274123082699
139,0.8711,-1
360,0.8927,0.81742495607049
1060,0.8924,0.84105794524359
1528,0.47809999999999997,-1
2057,-1,0.83878542117266
617,-1,0.6893748622881599
1181,0.6980999999999999,0.79478776198853
1438,0.7802,0.75302284317797
188,0.8999,0.77257742017791
972,0.8976999999999999,0.72929770786574
1855,-1,0.75223429330187
1894,-1,0.75348813380656
1383,0.8943,0.8230178725897099
160,0.8994,0.74384456906008
187,0.7967,0.79042225695954
597,-1,0.75129596802425
1335,0.6181,-1
353,0.8927,0.79817776938323
871,0.8986,-1
411,0.8903,0.76084629648851
72,-1,0.75554342567515
413,-1,0.77630993177314
2104,-1,0.75092538787307
2059,-1,0.82725448491257
1681,-1,0.75610006562518
1020,0.0978,-1
685,-1,0.75175443819891
1416,0.8967,-1
1594,-1,0.76636893353387
1131,0.8983,-1
1792,-1,0.75386000711822
687,0.8648,-1
2103,-1,0.75789061420813
1363,0.7927,-1
903,0.8963,0.7591599261335
730,0.7384999999999999,0.83756585260826
223,0.8998,0.80853251263208
1691,-1,0.75560155690229
226,0.8947,0.7836922078363899
1149,-1,0.70923501316288
1725,-1,0.75473866168109
278,0.8942,0.8005977180306
66,0.899,0.76053161210401
615,-1,0.71425234157351
184,0.895,0.73711113919038
380,-1,0.78838512130217
1529,-1,0.6975969182199
713,0.8973,0.81835575947063
786,-1,0.8647198634554301
1473,0.8594999999999999,-1
264,0.8986,0.78550852342806
1095,0.8987,-1
197,0.8989,0.84402801691351
1629,0.8999,-1
2065,-1,0.85723224129535
1289,0.8934,0.73430731786653
2023,-1,0.7676402921194501
550,-1,0.73664601484976
533,0.673,-1
898,0.8963,0.7780134776234
796,0.6998,0.82111385678372
216,0.8989,0.8107715436237399
1142,-1,0.74412497808417
1211,0.6997,-1
1380,0.7373000000000001,-1
681,-1,0.7813076052058701
1177,0.8993,0.83885437324195
1242,-1,0.74389490133369
1730,-1,0.77052193413923
1068,0.6998,0.75648161499138
901,0.8963,0.73923701361994
1328,0.8986,-1
167,0.7796,0.86091193053892
855,-1,0.76247342288958
2006,-1,0.83899179631576
792,0.8967,0.73471236876504
452,-1,0.668097076373
217,0.8989,0.80514035771023
1276,0.7697,-1
1045,0.6997,0.86154258312368
1583,0.6632,-1
1675,-1,0.7561228626804399
1799,-1,0.71450311034725
931,-1,0.82650372369397
585,0.9991,-1
640,-1,0.76455403854295
799,0.31120000000000003,-1
1821,-1,0.75147068175691
381,-1,0.6888228089828601
1058,0.7864,-1
1284,0.8959,0.77056147068666
61,0.8965,0.76396871093102
233,0.8947,0.81535871475948
704,-1,0.65375674979622
35,-1,0.85556207821668
176,0,0.84293756002776
2054,-1,0.8367609760107
2102,-1,0.75092256201735
743,0.8989,0.76104330106238
831,0.9993,-1
1951,0.35129999999999995,-1
613,0.8982,0.77951227698198
1591,-1,0.77806205663197
1732,-1,0.73474922911627
2107,-1,0.77644504249016
733,0.7384999999999999,0.83723314675519
719,0.8979,0.73834791984711
426,0.8943,0.80556168202723
12,0.5065,-1
1129,0.8904,0.7643341343158
436,0.8986,0.76745354680544
1891,-1,0.75225429464421
258,0.7986,0.7795049141141
101,-1,0.75046536426012
1905,-1,0.75227500476523
1134,0.7906,0.76470984457992
628,-1,0.77364075857985
780,0.8943,0.73217788498477
870,0.8948,-1
1360,0.7927,-1
1079,0.8928,0.79879397279631
711,0.8976,0.74742954733657
815,0.7993,0.7984303935315
283,0.893,-1
1267,0.7919,-1
556,0.8965,0.76990873435791
1200,0.6892,0.76882259131234
842,0.9991,-1
1209,0.7384999999999999,0.85049789061935
734,0.8776,0.8561278235198
159,0.8992,0.74767557883737
1296,0.8934,0.78769413923477
1135,0.7985,-1
1906,-1,0.75322283720929
850,0.9991,-1
1464,0.8973,0.7322648162434799
152,0.9995,0.79958473961887
1498,0,-1
1635,0.8882,-1
1862,-1,0.75346966564684
242,0.8967,0.83523980799534
1993,-1,0.77566922360344
1603,-1,0.77835636937191
200,0.7692,0.83569730149182
263,0.8947,0.76418349159697
958,0.9991,-1
1968,-1,0.75851335073874
1297,-1,0.7443203651514301
1967,0.8921,-1
1191,0.8943,0.86448248952802
1171,-1,0.63734109634577
1410,0.6997,-1
439,0.8913,0.76530702695235
1118,0.7402,-1
1599,-1,0.77834716465585
1899,-1,0.75228168369992
1406,0,-1
591,-1,0.73798083225334
1738,0.895,0.77936193099323
753,0.8992,0.76688145722491
76,0.8855,0.83835349305163
934,-1,0.82648486531914
1610,-1,0.77799905629068
845,0.9999,-1
385,-1,0.7508251673373401
1268,-1,0.73132688328676
148,0.7555000000000001,-1
772,0.5684,0.7245507169093399
435,0.8946000000000001,0.7714145213629
893,0.7699,-1
1343,0.7926,0.6931515622147699
190,0.7947,0.76376761878418
1958,0.7677,-1
618,-1,0.7378899011984801
1637,0.8882,-1
1975,-1,0.76275522234072
1904,-1,0.75348133384376
707,0.8903,0.76084411430618
1814,-1,0.74736114961623
1724,-1,0.75452161817947
1237,0.8815999999999999,-1
994,0.7919,-1
1628,0.8996999999999999,0.73892004610371
1313,0.8985,0.78275535981266
1836,-1,0.77430706598532
1189,0.8999,0.86519787843565
1432,0.7907,-1
91,-1,0.66380077221074
1524,0.4565,-1
1000,0.7999,0.85967675235457
88,-1,0.71862988247541
442,-1,0.71347662970946
422,0.8943,0.77710584982661
756,-1,0.83751947107686
64,0.8948,0.77655567470686
1087,0.6,-1
682,-1,0.74864254779092
642,0,0.8420548613893
250,0.8966,0.76937608568739
1033,0.7935,-1
918,0.8972,0.7380126680981001
138,0.7242,-1
1871,-1,0.75276817713241
211,0.7796,0.76281223296982
1027,0.7935,0.7729988269774299
1418,0.7939,0.7864130971669601
570,0.8789,0.77062679170505
1886,-1,0.75324924531348
308,-1,0.75339287488496
1865,-1,0.75275464736439
1826,-1,0.7497366049430201
740,0.7975,0.7305651111062901
1567,0.7908,0.80275672167706
447,-1,0.75501202540604
1374,0.8995,-1
917,0.896,0.78361257156068
1798,-1,0.77703433907188
363,0.8927,0.81138004260562
1588,-1,0.73944459073752
1719,-1,0.74444259972546
1265,0.8722,-1
1013,-1,0.73867878330375
1154,-1,0.61845496862536
689,0.8648,-1
996,0.7602,-1
1480,0.8802,-1
362,0.8927,0.82688014404164
2098,-1,0.77729035372264
1510,0.7942,0.73604126090272
962,0.7814,-1
1664,-1,0.67266744118355
213,0.7962,0.80156723126868
1818,-1,0.76542092151839
1776,0.8976999999999999,0.76094370495958
378,0.6920999999999999,0.79028576927513
1973,-1,0.66710469619866
1226,-1,0.72371804403163
1768,-1,0.66742050253388
1411,0.7877000000000001,0.74889155412841
2005,-1,0.8367694781851001
722,0.8994,0.7616415277583299
1212,0.6124,-1
1592,-1,0.76619982891463
1041,0.7935,0.71632371157829
1143,-1,0.67666690006266
1983,-1,0.78551654283161
598,0.7345999999999999,0.7536916693604
1842,-1,0.7361486483644599
992,0.8934,-1
975,0.8921,-1
757,0.6973,0.82130433749737
294,0.7711,0.77133290254379
593,0.8763,-1
2080,-1,0.8504815683907501
565,-1,0.75344185531019
231,0.8976999999999999,0.80447002109077
787,-1,0.73121365829842
122,0.7643,0.70167914923534
881,0.7621,-1
737,0.7384999999999999,0.69312083066303
1979,-1,0.75381851514427
1942,0.894,0.75560336492755
1791,0.7194,-1
568,-1,0.75343952727903
1263,0.6993,-1
1557,0.875,-1
1787,0.791,0.70978279963018
1961,-1,0.77436888542235
929,-1,0.8265089756284401
312,0.7384999999999999,0.77478159372044
1987,-1,0.73574019271725
2075,-1,0.8626546113314499
913,0.8972,0.76691843334146
1339,0,-1
886,0.8344,-1
307,0.6242,0.77553344331252
1648,-1,0.77704124385858
1305,0.899,0.78712185417014
791,0.8967,0.74186907815479
1319,0.8967,0.81070127692282
811,0.7928999999999999,0.8723719394562099
2007,-1,0.83852864934368
1173,0.6228,-1
293,0.6454,0.7991089774648
277,0.8955,0.7593896978613199
1006,0.791,-1
218,0.8989,0.81042634084453
1494,0.7997,0.75933821976919
1587,-1,0.7349197309142901
1922,-1,0.75348474108097
1262,0.8992,0.8196699958559
89,-1,0.75594786458608
1570,0.7934,0.7523874575559399
965,0.8968,0.78693443947204
1121,0.7942,0.85249103065336
1685,-1,0.75560376692031
459,-1,0.7700882372675399
1361,0.7927,-1
1910,-1,0.75224336551511
781,0.896,0.77668134548389
74,-1,0.77080249243959
1548,-1,0.7563878508294299
85,-1,0.70905783767755
1762,-1,0.77776812339678
1314,0.8985,0.81664166446735
1112,0.7402,0.83196074934467
338,0.598,0.7551185961765
33,-1,0.84393202919765
1014,-1,0.75757382578565
2079,-1,0.85096427113033
588,-1,0.7374950208978099
1496,0,-1
1786,0.791,0.77746834158106
1385,0.7932,0.7812436981767901
46,0.716,0.73546694780471
284,0.8919,0.78713790384725
1419,0.7939,0.7504217559136099
910,0.8963,0.73264351985081
936,-1,0.82650857682083
548,-1,0.79723269167177
534,-1,0.7433495226336899
1919,-1,0.75376493378466
1743,0.6228,-1
819,0.8776,0.7914592471283299
418,-1,0.6550809923758
1932,-1,0.7856862027996601
738,0.7384999999999999,0.87839964863912
286,0.8919,0.80765965283665
723,0.8994,0.74175879292597
2064,-1,0.84147765205627
769,0.8976999999999999,0.79574096431884
1944,0.8904,0.7505970216540501
646,0,0.84203279779449
1333,0.8598,0.7428206604290299
375,0.8982,0.77957751927568
1035,0.7935,0.76273803955283
251,0.8966,0.78688089915152
1749,0.6228,-1
1235,0.8999,-1
885,0.8907,0.76636584071992
1858,-1,0.7532263487045
1349,0.7927,-1
466,-1,0.6840019121869401
1021,-1,0.74693840633011
390,0.7975,0.7468506229015
952,0.7796,0.73568544292181
1511,0.7716000000000001,-1
202,0.8796,0.80237468709315
399,-1,0.74019980215725
240,0.8973,0.75675204364719
695,-1,0.6735008050649001
1803,-1,0.75161627186389
1909,-1,0.75374784574964
424,0.8943,-1
185,0.8947,0.75051248243753
1126,0.7942,0.8514031484088
1742,0.6228,-1
1965,-1,0.77695708680292
1931,-1,0.7459849713273801
334,0.8839,0.7633070921573
907,0.8959,0.7511215111748399
1066,0.762,-1
1351,0.7927,-1
492,-1,0.76286537963268
1184,-1,0.72884241896942
170,0.7853,0.7490061052020001
1580,0.7934,0.80253844494552
1435,0.8307,-1
1627,0.8996999999999999,0.7388825035370901
812,0.7947,0.72118283708379
1508,0.8984,0.7543637996365999
1471,0.8966,-1
1679,-1,0.7555902742078799
859,-1,0.7685156319921
645,0,0.84726638235158
1784,-1,0.78189721673039
1338,0,-1
1402,0.8743,-1
1813,-1,0.75116231198442
1026,0.7935,0.76078530918452
888,0.8906000000000001,-1
1052,0.8904,-1
132,-1,0.73225184983623
280,0.6998,0.7830956344511
140,1.0,0.88235603344378
609,0.8978,0.80127112506134
1089,0.7984,-1
1849,-1,0.7522254164434
1199,-1,0.75883584596993
1208,0.7941,0.85159337587048
541,-1,0.76870261461991
1652,-1,0.74078806629759
835,1.0,0.929742795498482
1463,0.8973,0.73196812653442
853,-1,0.7692452421818
1989,0.8958,0.7625833033759
1396,-1,0.75096221829916
980,0.7991,0.78165092498484
1133,0.7908,-1
1395,0.7729,-1
1673,-1,0.75558676030085
981,0.7991,0.76586488723919
2100,-1,0.7765219745597101
966,0.8968,0.7995766365074299
1523,0.47809999999999997,-1
237,0.8947,0.82226671209639
1531,-1,0.76800910870315
1116,0.7402,0.8432948727389
1327,-1,0.74222982689355
1414,0.8967,-1
1676,-1,0.75647381175774
1225,0.998,-1
174,0.7677,-1
540,-1,0.76856243917055
83,-1,0.6761579152141399
1885,-1,0.75230854443416
529,-1,0.86396380420194
957,0.7942,0.7649292940836
1151,-1,0.62658192678321
1163,0.8988,0.79946810446751
2068,-1,0.85951988109453
1733,-1,0.74628256072942
28,0.8919,0.7869604869149001
389,-1,0.71954897963234
1437,-1,0.76675003157857
1586,-1,0.76682058742665
1101,0,-1
817,0.6964,0.74826103692962
337,0.886,-1
631,-1,0.7464949548258
1782,-1,0.7447859771235801
388,-1,0.77489916161983
1164,0.8924,-1
822,0.6903,0.78484266160631
1769,-1,0.76174031729733
1285,0.8991,0.76783080318394
1977,-1,0.68135848107713
1345,0.7926,-1
298,0.7898000000000001,0.76886224079414
1403,0.6938,0.74876593952271
1282,0.8959,0.7665973484924999
1091,0.7988,-1
172,-1,0.83766968815449
1160,-1,0.72169748876421
1090,0.7,-1
1843,-1,0.7344984346621299
1010,0.7935,0.7474760236871
2026,-1,0.81219731129623
759,0.7998000000000001,0.8395225224127301
969,0.7384999999999999,-1
1559,0.8607,-1
1515,0,-1
1655,-1,0.67057600253446
1348,0.7926,-1
1917,-1,0.75324913010425
1187,0.5932,-1
1301,0.7384999999999999,-1
1472,0.6898,0.80814637520559
1752,0.6228,-1
1850,-1,0.75345985612041
1650,-1,0.7319945931137499
181,0.9999,-1
414,-1,0.71712176780518
208,0.7906,-1
204,0.9991,0.85852322740482
407,-1,0.68950607345066
599,0.598,0.75951270183722
1293,0.8934,0.79226479383381
2071,-1,0.85049835635602
989,0.7942,0.78520398762177
1169,0.7922,0.87021870459963
331,0.6990000000000001,0.86587697318851
1039,0.7935,0.79841566675687
1941,0.7987,0.7743124176209499
1692,-1,0.75556694531382
927,-1,0.82651287938437
1947,0.8976999999999999,-1
552,-1,0.75553454889645
971,0.8976999999999999,0.7534378575658001
468,0.8974,0.78658118461441
222,0.9971,0.79292963127612
1824,-1,0.75617031527464
600,-1,0.76828330644259
58,0.8835,0.75635304690043
705,0.9991,0.86155448192359
1306,0.899,0.78372462875325
1671,-1,0.7334359135598301
1575,0.7934,0.7538044153222601
1439,0.7384999999999999,0.75209646255718
1032,0.7935,-1
2033,-1,0.82225344368206
364,0.8927,0.82900928709236
458,-1,0.75380163721072
1111,0.8783,-1
266,0.6903,0.78192511452068
1839,-1,0.7344875514191
1522,0.4565,-1
762,0.8993,-1
612,0.8921,0.81868337076954
1800,-1,0.79368189082431
849,1.0,-1
344,0.8927,0.83243353386769
1123,0.7942,0.83669972161704
1381,0.8927,0.81816807367686
339,0.8927,0.80962683784696
1703,-1,0.75558201746863
1448,0.6228,0.76578121675733
1577,0.7934,0.86533689747733
1357,0.7927,-1
1220,0.5873999999999999,-1
1892,-1,0.7534891601120199
401,0.8974,0.73624038798161
1230,0,-1
789,0.8967,0.78774525375812
1619,-1,0.75872498192628
1342,0.7332000000000001,-1
824,0.9991,-1
1744,0.6228,-1
1668,-1,0.7591950126949201
391,-1,0.6736312548432
2028,-1,0.82945513203038
1779,-1,0.76395920218581
770,0.6988,0.7347742501310199
890,0.7907,0.7575020068071601
909,0.8963,0.7360043123920901
1851,-1,0.7522811762875801
1593,-1,0.77805255338685
1930,-1,0.69388644742426
1805,-1,0.75343434796993
653,0.896,0.8518489393091
1221,0.5976,-1
542,-1,0.84255999135919
1740,0.895,0.77936262042411
1275,0.5702,-1
1881,-1,0.75347507453914
2032,-1,0.8457965725632299
1321,0.8985,0.78886920021161
2069,-1,0.8486905210904601
1431,0.6763,0.75449874410206
773,0.8943,0.69669717551426
905,0.896,0.76659131972458
1231,0,-1
1539,-1,0.7793836089706601
423,0.8943,0.7842254732247
982,0.7991,0.76102858126883
103,-1,0.75710407945256
376,0.7919,0.8106230105082299
1815,-1,0.76847452779369
785,-1,0.84206004314027
1775,-1,0.6912971200194
608,0.8978,0.7998089150036
1929,0.8958,0.76046831745834
2082,-1,0.84869378479382
603,0,0.85644659951501
1387,0.8946000000000001,-1
876,0,0.75296617738528
1355,-1,0.71759887427756
55,0.7796,0.76257793822312
1110,0.8783,-1
896,0.8994,0.83561974167926
1504,-1,0.73630357957299
2096,-1,0.7773166517382499
141,0.9991,0.88842966214845
1174,0.6909000000000001,-1
373,0.7834,0.7755819689141
908,0.8964,0.72766487331743
1502,0.7796,-1
1350,0.7927,-1
245,0.8995,0.8076771733032
694,-1,0.78933879835701
1828,-1,0.75022701253244
1695,-1,0.75675487864261
1422,0,-1
967,0.8968,0.80528115276049
748,0.8989,0.84366833839831
1007,0.7935,0.7410444980074999
169,0.6978,0.78593592296876
309,0.6049,-1
1704,-1,0.7555548072161
1896,-1,0.75373732797838
955,0.8998,0.75219718247559
1037,0.7935,0.7318152056301199
352,0.8927,0.82438991597869
1075,0.7955,0.72836358797197
1978,-1,0.71991024147174
889,-1,0.76241030238186
553,-1,0.8322946735387899
1682,-1,0.7564846412771999
663,-1,0.67263004313426
121,-1,0.68700749686911
403,-1,0.71985985974599
1597,-1,0.7781832784456599
281,0.8943,0.8061362648995
52,0.8776,0.7292756905567099
1864,-1,0.75322510986895
340,0.8927,-1
700,-1,0.69083028221162
1468,0.8994,0.7489189181444
691,-1,0.72339466415483
392,-1,0.77857345250296
592,-1,0.77814082891947
1492,0,-1
895,0.8994,0.85626166983798
563,0.897,0.75344140782286
1309,0.8986,0.7710005562642099
997,0.6990000000000001,0.84813109147755
776,0.8943,0.74992515909635
1569,0,-1
451,-1,0.7031818244257599
1751,0.6228,-1
1476,0.8682,-1
2021,0.7757000000000001,-1
37,0.7894,0.74162588795071
703,0.8919,0.80767283642943
644,0,0.8568308662545
1640,0.8882,-1
1287,0.8934,0.7877184770077
1854,-1,0.7537452321318701
778,0.8943,0.7455499923118301
976,0.8,0.86571449282064
164,0.6980999999999999,0.79280166965218
1911,-1,0.75347703523246
2,0.47809999999999997,-1
157,0.8973,0.74867254353847
335,0.6934,-1
125,-1,0.7248803258776
1130,0.7879,0.7419596166361799
1295,0.8934,0.78873645640493
171,0.7796,0.74784713546146
656,-1,0.6904189250199599
658,0.895,0.7393389311837
1833,-1,0.77758501559579
1856,-1,0.75346777242865
920,0.8975,0.81040486119662
1316,-1,0.75587812808941
235,0.8947,0.77258148190343
1086,0.6950000000000001,-1
1914,-1,0.75223662165155
107,-1,0.5960026487100001
954,0.6997,0.76046764801809
95,0.7916,0.75641115986985
2077,-1,0.8595183933472
752,0.8992,0.78214868324603
1984,-1,0.78109673812249
872,0.8979,0.75055543056332
134,0.4901,-1
1274,0.6995,-1
322,0.7891,0.79108526562288
427,0.8943,0.8228311313212799
834,1.0,0.9205299840798971
1816,-1,0.7652505953130699
626,0.6998,0.80485486999184
1955,-1,0.7561243379509
1055,0.791,-1
1638,0.8882,-1
1661,-1,0.77052123168525
1034,0.7935,0.74323613970479
1031,-1,0.73527010678084
56,0.8636,0.76442606168642
346,0.8921,0.80307467021817
1459,0.8973,-1
51,-1,0.8007628239361699
201,0.8989,0.86965691425291
1976,-1,0.7307363546735
846,0.7934,0.88532042900194
882,0.8707,0.76272773729209
1536,-1,0.7457857896536
867,0.89,-1
2012,-1,0.8687178023529301
2024,-1,0.84147737791192
1778,-1,0.75646361511062
2106,-1,0.7764435487301
244,0.8973,0.82081410543376
166,0.8,-1
1094,0.6976,0.76007248820598
241,0.8927,0.82947697452202
810,0.7928999999999999,0.87855406697669
1323,-1,0.74417743626013
1699,-1,0.75611995486593
1318,-1,0.77907263804884
2097,-1,0.77729615071727
1880,-1,0.75223311921401
2016,-1,0.85989581440438
441,-1,0.7720148307475
1959,0.7677,-1
291,0.7952,0.77157644391381
1228,0.7977,0.77039309364316
1223,0,0.74420552365174
1992,0.788,0.77547569992505
561,0.8881,0.75451698233537
1144,-1,0.72868590818874
1269,0.7919,-1
1613,-1,0.7664854173814399
1879,-1,0.75374792018184
1754,0.6228,-1
124,0,0.7834411013457
429,0.8978,0.80160263093623
1937,0.899,-1
6,0.47809999999999997,-1
370,0.896,0.82016607114497
536,-1,0.7382404423329301
547,-1,0.75176426694557
194,0.6990000000000001,0.8564814873415301
984,0.877,0.78033265735779
1662,-1,0.7712566366902001
1049,-1,0.67324391348601
1326,0,-1
1844,-1,0.73578023361769
935,-1,0.82650114064043
191,0.8967,0.77156242571947
1697,-1,0.75559049498638
1750,0.6228,-1
674,-1,0.7705985016725501
632,0.8992,0.75979135624156
1148,-1,0.6106799452016201
1809,-1,0.75789343643897
369,0.8927,0.821644873069
1040,0.7935,0.8120899862025099
2001,-1,0.72643006262075
1535,-1,0.7505213123582299
2013,-1,0.85806496345321
937,-1,0.8264971665364
225,0.6981999999999999,-1
715,0.8965,0.74454753562459
1271,0.7907,-1
1124,0.8958,-1
783,0.896,0.7761946317128
987,0.7938000000000001,-1
1397,-1,0.67694520654176
1517,0.8964,0.75454668816377
586,0.9991,-1
1024,0.7935,0.76093520239686
1336,0,-1
