Id,geacron_similarity,concept_similarity
816,-1,0.80077998351277
673,-1,0.85752044927164
1067,-1,0.86357923247449
1764,-1,0.8614138165111
1064,-1,0.54740696523659
306,-1,0.84763970112827
1206,-1,0.82134564106172
1083,-1,0.75787548188693
1125,-1,0.8010373418386
1658,-1,0.83636148913828
659,-1,0.80919820307824
147,-1,0.81136670890717
317,-1,-1
696,-1,0.7062626136749
800,-1,-1
1239,-1,-1
1889,-1,0.7633773080117
1614,-1,0.977565826389305
1272,-1,0.83961203626388
606,-1,0.78312105939276
1908,-1,0.76281464938502
1715,-1,0.8127977160884801
136,-1,0.82761055828689
328,-1,0.78404491131119
1767,-1,0.73169501119323
611,-1,0.7849385408348
252,-1,0.73661598173081
1378,-1,-1
408,-1,0.83215427570655
1997,-1,0.76487014433571
827,-1,-1
1728,-1,0.7512276627326699
1424,-1,-1
1044,-1,0.81453283408938
1948,-1,0.76226076715229
431,-1,0.78517956173674
1194,-1,0.80182018156615
1683,-1,0.8013480900959
326,-1,-1
577,-1,0.7976568554726899
874,-1,-1
1785,-1,0.72627915867727
839,-1,0.75174859049792
2062,-1,0.79311773186097
135,-1,0.7956285564458601
1887,-1,0.76415356888504
1061,-1,0.54482118035197
946,-1,0.79224143595068
1312,-1,0.76274565168103
1292,-1,0.75713617982991
396,-1,0.81766326920014
1688,-1,0.80182260328928
75,-1,0.84445949208014
2027,-1,0.79413302539902
652,-1,0.82019900921277
257,-1,0.75062634369361
1804,-1,0.74177235073171
371,-1,0.7420075342572701
150,-1,0.948398663930528
1186,-1,-1
341,-1,0.7352146460525599
1705,-1,0.80046802535489
1991,-1,0.88338661288845
820,-1,0.76416824279924
1727,-1,0.77880351328919
1996,-1,0.83813236281398
843,-1,-1
1270,-1,0.86204796131457
1364,-1,-1
80,-1,0.81013696457434
749,-1,0.80431890715101
350,-1,0.80884243460251
973,-1,0.83075680761911
2008,-1,0.7920523156097801
27,-1,0.74555998104596
1460,-1,0.907904915543879
866,-1,-1
1352,-1,-1
249,-1,0.71778867974433
1004,-1,-1
372,-1,0.77468051023247
836,-1,0.7618448987255599
1109,-1,0.81814020276731
963,-1,0.79720541313361
1252,-1,0.80593056620375
1168,-1,0.8549481952465701
1222,-1,0.7309211364336701
1477,-1,-1
228,-1,0.7233308926465101
1566,-1,0.8119009773386701
1933,-1,0.8262116129581301
823,-1,0.77688576718015
1678,-1,0.8009498718568699
1659,-1,0.78654513909177
1935,-1,0.86637260947934
1590,-1,0.9923003062794381
1120,-1,0.80794914600435
269,-1,0.74065678739687
1466,-1,0.83449584140468
282,-1,0.70427017015674
1560,-1,-1
1884,-1,0.76249012820724
2070,-1,0.7918598545455
1234,-1,-1
1595,-1,0.977702867923442
832,-1,0.77007453470731
1747,-1,-1
1620,-1,0.79552600877349
1810,-1,0.79015736483902
1307,-1,0.72838281576754
1423,-1,-1
1631,-1,-1
287,-1,0.79176084304564
2004,-1,0.76823177037502
2025,-1,0.7715671379216
398,-1,0.73323731942501
130,-1,0.7933814776164
1266,-1,-1
580,-1,0.81938197045622
1554,-1,0.77984755657131
1198,-1,0.82759760448333
1825,-1,0.798827500021
828,-1,-1
1260,-1,0.7916152075928
348,-1,0.7411038110691099
675,-1,0.79121476459475
1954,-1,0.76324131457375
17,-1,0.7981484969144
1165,-1,-1
454,-1,0.83022230154146
572,-1,0.88758408484316
260,-1,0.73778743686382
1113,-1,0.8128734569371701
23,-1,0.70788811010253
30,-1,0.70788995711066
268,-1,0.73139034648612
661,-1,0.79063007820846
544,-1,-1
912,-1,0.8267811638688101
1546,-1,0.8198582857195
2058,-1,0.76500164831184
856,-1,0.80008812719663
1845,-1,0.76267822017887
342,-1,0.78035385167812
990,-1,0.79026324430888
1137,-1,-1
604,-1,0.78557824250382
133,-1,0.83461841218835
777,-1,0.88926984376807
305,-1,0.83490575930382
754,-1,-1
1873,-1,0.76251312986145
1470,-1,0.83292571228411
1766,-1,0.83844481072592
421,-1,0.70338362327546
1964,-1,0.79779637467782
259,-1,0.7398432108031501
1042,-1,0.86979141961331
750,-1,0.79876432141271
1982,-1,0.81051845677262
1936,-1,0.80467215171727
573,-1,0.79129477162734
727,-1,0.78233145709101
1581,-1,0.902917376618562
1672,-1,0.74543855090224
1701,-1,0.8013547791968301
1630,-1,0.82355255200017
1834,-1,0.80662845810084
1057,-1,0.82150177566712
1656,-1,0.82515756512731
1139,-1,0.83671944396934
863,-1,0.80561561019345
1401,-1,0.814218074259
2093,-1,0.81876496826499
210,-1,-1
1484,-1,0.7889127560078399
1760,-1,-1
1903,-1,0.76251289735366
1542,-1,0.85524277665437
1552,-1,0.7886184821052
24,-1,0.67435421271518
254,-1,0.7391005903772
1802,-1,0.83134689189132
2089,-1,0.80996403267845
1054,-1,-1
854,-1,0.8160150253117
1687,-1,0.8004707099938699
1623,-1,0.80646971499876
1430,-1,0.83185099743359
1158,-1,0.77358917573634
1450,-1,0.82805933993697
2039,-1,-1
1898,-1,0.79572349477101
229,-1,0.72742693898237
1537,-1,0.88351500437651
638,-1,0.7402459503259999
279,-1,0.7369359347575299
417,-1,0.86118192476918
54,-1,0.82902581805088
1236,-1,-1
1731,-1,0.79357566867402
808,-1,0.78295784707562
1526,-1,-1
1334,-1,-1
1311,-1,0.7802422551404999
1415,-1,0.8345375619389099
829,-1,-1
209,-1,0.77151148106619
1159,-1,0.81539054967141
1532,-1,0.80413901932529
768,-1,0.82080500052912
528,-1,-1
70,-1,0.6925515574548899
448,-1,0.77855120965546
90,-1,0.8927604999636
940,-1,0.72804420195278
844,-1,-1
545,-1,0.80022931148245
1038,-1,0.81798992213904
1877,-1,0.76413899444126
947,-1,0.8675938526438101
926,-1,0.81640839634326
1761,-1,0.82847487440878
622,-1,0.74145361747089
123,-1,0.81837585362072
406,-1,0.75776090466831
720,-1,-1
1748,-1,-1
2040,-1,0.83441407932331
559,-1,0.76074663860696
1051,-1,-1
1372,-1,-1
437,-1,0.7001073803410001
14,-1,-1
1487,-1,-1
410,-1,0.84631347406796
802,-1,-1
1643,-1,-1
1119,-1,-1
530,-1,-1
325,-1,0.7726558230173299
462,-1,0.82378079710518
2002,-1,0.79173510662074
1310,-1,0.77825166416245
1584,-1,-1
838,-1,0.75421161475058
1734,-1,0.79079547699325
1132,-1,-1
1071,-1,-1
3,-1,-1
432,-1,0.73558820079034
718,-1,0.84882566996007
928,-1,0.81640640395477
336,-1,-1
919,-1,0.80552569735634
2015,-1,0.78980221549446
900,-1,0.81277187563665
619,-1,0.73080221576296
1641,-1,-1
949,-1,0.8258586229598199
1115,-1,0.81287795878023
655,-1,0.7969029212023
460,-1,0.82254256614695
1639,-1,-1
1995,-1,0.7845622759059501
549,-1,0.82651817412578
2035,-1,-1
1644,-1,0.9990902394691452
395,-1,0.8226409692769
1861,-1,0.76249834532715
1050,-1,0.82767338742176
988,-1,0.79349219021896
1015,-1,0.78906759529518
942,-1,-1
1819,-1,0.8061405032007101
1538,-1,0.76074820114744
420,-1,0.7307040216086
1689,-1,0.80136225540171
1474,-1,-1
1759,-1,-1
1161,-1,0.77852013998305
1074,-1,-1
354,-1,0.78589669476086
1822,-1,0.7731074271347
712,-1,0.82311056035123
104,-1,0.80516947121883
684,-1,0.81979317546245
883,-1,0.84416664478287
207,-1,0.81130983442908
224,-1,0.82274118844777
404,-1,0.76120414071461
1286,-1,0.84413026318449
1907,-1,0.76413912952358
894,-1,-1
584,-1,0.80823110646997
1370,-1,-1
1107,-1,0.81647553800127
1331,-1,0.82549793056788
891,-1,0.8433429065786799
50,-1,0.82214819479322
1097,-1,-1
1859,-1,0.76281019659002
960,-1,-1
555,-1,0.72239185657197
2094,-1,0.81877624402068
1793,-1,0.85082746551689
1340,-1,-1
1925,-1,0.76374146241148
1238,-1,-1
113,-1,0.69171948861276
40,-1,0.79608984310875
1920,-1,0.7624994909247
1390,-1,0.79713198846932
594,-1,0.86158326089589
220,-1,0.7103150990156
1465,-1,0.80458816013375
1953,-1,0.76315376170926
316,-1,0.8466238825440899
1279,-1,-1
924,-1,0.81640379730455
450,-1,0.74193002320684
2078,-1,0.79186596861463
1413,-1,0.79183382486776
100,-1,0.73020020717379
1928,-1,-1
1436,-1,0.8214961620421
564,-1,-1
1451,-1,0.8176994287095201
1890,-1,0.76250761157993
384,-1,0.932269909289461
1391,-1,0.77260765973772
804,-1,0.900797733122808
163,-1,0.83323448495536
1900,-1,0.764147505953
1138,-1,-1
639,-1,0.87222365959797
1280,-1,0.73581986605275
2009,-1,0.78551958883134
1600,-1,0.9998166390096007
299,-1,0.83030088470757
168,-1,0.85773905866447
2036,-1,-1
1663,-1,0.7638581188837
1281,-1,0.7217114928953
798,-1,-1
717,-1,0.76286473266032
1789,-1,0.78629748229184
923,-1,0.8163884881413099
1545,-1,0.81478233527426
1025,-1,0.87321919467827
574,-1,0.84815791087485
1190,-1,0.7453207574681799
1835,-1,0.79824900491462
32,-1,-1
1969,-1,0.7457033535805699
1053,-1,-1
837,-1,0.7776189973924
1076,-1,0.82460231877861
1359,-1,-1
1180,-1,-1
1726,-1,0.8128525663545
1062,-1,0.81204497258299
852,-1,0.8481087621342001
394,-1,0.8231936418528301
1840,-1,0.8028186843478
620,-1,0.70500349122373
1175,-1,0.79928686355316
1215,-1,-1
1772,-1,0.84844147898247
1229,-1,0.86243602357664
1755,-1,-1
313,-1,0.8300009065243
744,-1,0.7195360187762301
1972,-1,0.85102449348816
1156,-1,0.6533067971329201
1197,-1,0.7408455240721701
688,-1,-1
41,-1,0.8881353762973
1820,-1,0.79470819975913
387,-1,0.73084509369273
1938,-1,-1
1072,-1,0.81256722668661
1069,-1,0.900066751950946
310,-1,-1
1332,-1,0.8327035965891401
129,-1,0.72403217719656
1837,-1,0.80493144385636
1693,-1,0.80047671064352
493,-1,0.7124790259611999
196,-1,0.55076183597329
2056,-1,0.79412735903307
1605,-1,0.968464539689475
1392,-1,0.72433354833586
2041,-1,-1
1214,-1,-1
302,-1,0.82678296624076
1986,-1,0.77108824349999
1389,-1,0.79860792356286
1365,-1,0.74209520244898
1375,-1,0.8255570492445901
143,-1,0.7615703220186301
2074,-1,0.78657722757016
358,-1,0.79564637282535
1192,-1,-1
1690,-1,0.8009525895031799
1708,-1,0.8009417019695599
2067,-1,0.7897027043447999
977,-1,0.7897681286124401
1028,-1,0.87894259342468
1412,-1,0.79447157143238
1874,-1,0.7637365571974
1773,-1,0.7568011162303501
161,-1,0.7926147811475099
2030,-1,0.79311340791868
801,-1,-1
1373,-1,-1
1382,-1,0.74591447294126
726,-1,0.79447712614412
1103,-1,-1
1405,-1,0.8081524873878501
1616,-1,0.8135277926758699
1023,-1,0.88243306477096
1994,-1,0.77880453184383
119,-1,0.6838431679118
1210,-1,-1
1797,-1,0.8688040666346399
265,-1,0.7416288902850501
1829,-1,0.78315295759792
1509,-1,-1
1341,-1,-1
1182,-1,-1
253,-1,-1
897,-1,0.82715451394353
114,-1,0.6749960480256401
2085,-1,0.80996466929671
1443,-1,0.85427302409924
1604,-1,0.989840782025723
1172,-1,-1
998,-1,0.72749731778857
425,-1,0.72461172776477
906,-1,0.81776094317709
1646,-1,0.82267594246042
1255,-1,-1
948,-1,0.8258662463677
2055,-1,0.79083756070949
1452,-1,0.8146297613528299
1869,-1,0.7626909476586
569,-1,-1
1589,-1,0.932070274690734
1152,-1,0.82731943982666
1807,-1,0.7779649215839299
405,-1,0.86010381476512
1150,-1,0.73182644909996
764,-1,0.83328921824574
1846,-1,0.76413869448723
1444,-1,-1
736,-1,0.79637967662272
1176,-1,0.78660855414807
1788,-1,0.84632607042068
1940,-1,0.903786992731152
1558,-1,0.85121716212456
690,-1,-1
1564,-1,0.80949609616452
1796,-1,0.82980255295725
227,-1,-1
1246,-1,0.83195091442744
699,-1,0.6672240170160499
1501,-1,-1
1852,-1,0.76413568211964
650,-1,0.82865586808453
1128,-1,0.85417410315062
1029,-1,0.87176842153607
1005,-1,-1
1016,-1,0.82120878328659
970,-1,0.86387832113153
79,-1,0.79962155015153
775,-1,0.919782423078894
1990,-1,0.8341009173851099
463,-1,0.81508675407673
1607,-1,0.997108456418889
2018,-1,0.78821640420756
1063,-1,0.80590957715391
1245,-1,0.83195324732857
539,-1,0.8637913524508101
84,-1,0.8199438368298699
1642,-1,-1
1999,-1,0.8162243565448
1519,-1,-1
1251,-1,0.82653174849809
1551,-1,0.8421412833683399
295,-1,0.80377727934558
120,-1,0.69664311654039
1329,-1,-1
1790,-1,-1
933,-1,0.81640893895941
1943,-1,0.77830242016001
1157,-1,0.79342199455301
1433,-1,0.84236947174626
624,-1,0.71201950732833
1621,-1,0.8416923180055
151,-1,0.84260093770396
847,-1,0.79943706741418
1912,-1,0.76373133883264
179,-1,0.7776206792622
1442,-1,0.80856375193869
788,-1,-1
319,-1,0.83093749757725
1962,-1,0.78328667857043
554,-1,0.79286408701453
276,-1,0.74428869808999
1047,-1,0.78179211341474
9,-1,-1
1093,-1,-1
434,-1,0.78661056859004
1720,-1,0.8128461183067099
938,-1,0.82381968913056
239,-1,0.70782081120935
345,-1,0.76588176620531
1114,-1,0.81324572847189
697,-1,0.75157974952008
1636,-1,-1
455,-1,0.83387493295997
149,-1,0.8041582467645401
1478,-1,-1
1533,-1,0.8257807958546
739,-1,0.87773617339644
1257,-1,-1
155,-1,0.78568391811409
807,-1,0.82541107105294
950,-1,0.8278481559291
446,-1,0.7828946060401301
1549,-1,0.7468684872853499
1915,-1,0.76269876076908
1853,-1,0.7628041205103799
1043,-1,0.81557299082283
71,-1,0.82119288741681
1774,-1,0.77860229157602
333,-1,-1
26,-1,0.67435599437993
587,-1,0.84045031378963
1633,-1,-1
1831,-1,0.80024116951743
2063,-1,0.79413382147551
803,-1,-1
914,-1,0.77925379991103
82,-1,0.72746720199049
273,-1,0.79432167524637
1667,-1,0.80631275219195
1952,-1,0.80408821007911
1530,-1,0.82069605939318
830,-1,0.77098014123073
1541,-1,0.77851208887983
779,-1,0.906281369908227
301,-1,0.84113665914148
1957,-1,-1
361,-1,-1
433,-1,0.78725828880062
1758,-1,-1
1830,-1,0.79853967708357
49,-1,0.83023890044318
47,-1,0.81954558301847
724,-1,0.78741425427693
1302,-1,0.7726569600814
1080,-1,-1
1895,-1,-1
1963,-1,0.79979229051448
332,-1,0.78207659467656
285,-1,0.70442570525591
861,-1,-1
991,-1,-1
22,-1,0.79824773689937
1806,-1,0.7636013501747
1085,-1,0.7699250227152
939,-1,0.8015356762107599
751,-1,0.7793196383937799
1250,-1,-1
1669,-1,0.78536208076391
116,-1,0.69647264813397
1183,-1,-1
1817,-1,0.81882063192058
357,-1,-1
412,-1,0.78801329688027
374,-1,0.7281985421302299
199,-1,0.78410461356818
892,-1,-1
1574,-1,0.9255129170040091
2072,-1,0.79083903500284
1446,-1,0.83638621004707
809,-1,0.77820950712224
1337,-1,-1
821,-1,0.84934097911462
1084,-1,0.7703987296093899
36,-1,0.77051316846774
1224,-1,0.7890756074533101
1555,-1,0.901303918841435
1971,-1,0.78238021669302
1369,-1,-1
1832,-1,0.80610527321287
1698,-1,0.80029790413948
641,-1,0.76407977948392
1104,-1,-1
256,-1,0.77240256647144
146,-1,-1
289,-1,0.77898519450031
873,-1,0.80419064871993
365,-1,0.79379116404178
1556,-1,0.75159001848022
623,-1,0.7414517774478899
2060,-1,0.79414145057921
1404,-1,0.8081587358036
128,-1,0.82663157722714
453,-1,0.80543253095143
1082,-1,0.75699486503784
1213,-1,0.82632364229281
1017,-1,-1
1,-1,-1
1003,-1,0.72875588269117
1218,-1,-1
676,-1,0.85165660480252
1950,-1,0.8086077376419201
1368,-1,0.79511541491514
851,-1,0.78120392056261
1674,-1,0.8003061065974599
464,-1,0.80856961254018
445,-1,0.81679194602697
999,-1,0.73044803677595
605,-1,0.80419664057116
1571,-1,0.85318223252399
1298,-1,0.85622272001455
1870,-1,0.76414798668882
1606,-1,0.86767075441607
178,-1,-1
2011,-1,0.7886717441487601
634,-1,0.8380768787395401
680,-1,0.7229194045231799
1001,-1,0.8172640220899701
729,-1,0.77930358011963
1694,-1,0.80181666979343
538,-1,0.86865767555249
925,-1,0.81640247312094
531,-1,-1
596,-1,0.84149999758232
1651,-1,0.76269524457246
86,-1,0.7419798725108899
1647,-1,0.8501743231247
1653,-1,0.86621874146094
1379,-1,0.78706851149142
651,-1,0.78595865670209
1353,-1,0.72302144220572
1981,-1,0.75685092802566
887,-1,0.84268891866805
721,-1,0.80354598308841
42,-1,0.86010147185528
1585,-1,0.8001181700659901
993,-1,-1
1048,-1,-1
706,-1,0.76052047372455
1490,-1,-1
728,-1,0.7816878338764099
1572,-1,-1
1949,-1,-1
1384,-1,0.77903651562765
21,-1,-1
108,-1,0.6944801543746699
1167,-1,0.805620980572
1753,-1,-1
537,-1,0.86515845092094
456,-1,0.84180854607024
1324,-1,-1
359,-1,0.75365842295448
327,-1,0.55436684737588
814,-1,0.80102913473801
833,-1,-1
126,-1,0.75391440929703
1680,-1,0.80029989376346
145,-1,0.85622337574562
1841,-1,0.8013637848687301
1876,-1,0.76414238750529
158,-1,0.79067729475752
1009,-1,0.8078069610738701
731,-1,0.80067345693383
1386,-1,0.82041146580976
1455,-1,0.8185955277197701
43,-1,0.87221303533197
1645,-1,0.977216670277279
2073,-1,0.7918643105904399
1098,-1,-1
1527,-1,-1
1454,-1,0.77022609423673
678,-1,0.71583170699873
153,-1,-1
351,-1,0.79535525287414
415,-1,0.7857803227294899
1008,-1,0.8107964759622
1888,-1,0.76282286616018
1781,-1,0.80941026573113
805,-1,0.83559754567764
367,-1,0.7931713002351
922,-1,0.81639896720119
262,-1,0.7382032798427101
243,-1,0.79284517526847
1322,-1,0.73434327253935
292,-1,0.71972382203621
1407,-1,-1
2022,-1,0.78725230069407
68,-1,0.72115130815792
1291,-1,0.76551740522983
1417,-1,0.83096565331584
1926,-1,0.82963980573559
112,-1,0.70628901575382
69,-1,0.7050781472808301
1201,-1,-1
489,-1,0.82821618210375
65,-1,0.67433827787428
248,-1,0.74145580170979
1632,-1,-1
99,-1,0.73366013777708
1657,-1,0.8305273740018
2081,-1,0.79083132295944
879,-1,0.82974410730084
1918,-1,0.76282806811458
761,-1,0.8165524027448701
521,-1,0.81991824404373
983,-1,0.81301309694336
1838,-1,0.8053652805131399
1736,-1,0.82794545806214
81,-1,0.78543798343514
2095,-1,0.8187861123901901
2014,-1,0.79081717635968
1729,-1,0.7788041632318
1573,-1,0.924587872614341
215,-1,0.79913015458007
1105,-1,0.82266916656954
1462,-1,-1
2066,-1,0.78414086193482
709,-1,0.83381400738706
296,-1,0.83554867074384
465,-1,0.830254274255
2031,-1,-1
438,-1,0.8100648027781
880,-1,0.83634897322715
951,-1,0.82586375879276
1227,-1,0.7956358310562199
156,-1,0.80080837597493
1666,-1,0.79627570427792
1867,-1,0.76248724559705
214,-1,0.77391947541197
818,-1,0.76859302570116
1956,-1,0.8429502175735399
297,-1,0.8316813952097
1153,-1,0.81249259917242
567,-1,0.81094186231719
813,-1,0.84241642142636
1868,-1,0.76372407988475
267,-1,0.7340469810261401
329,-1,0.77842027267333
1686,-1,0.80029670169827
1722,-1,0.81244044696056
1757,-1,-1
105,-1,0.75001361810685
118,-1,0.7241978681828201
1893,-1,0.76373987302015
1622,-1,0.82609371056422
583,-1,-1
1608,-1,0.975665154863898
1916,-1,0.76414585880061
589,-1,0.949108761435072
1241,-1,-1
602,-1,0.83699672439148
1596,-1,0.999936608196855
1203,-1,0.82444691204634
875,-1,0.78003650201666
1540,-1,0.7994470552519299
1018,-1,-1
1393,-1,-1
67,-1,0.74502138131091
1188,-1,0.82870330290837
38,-1,0.84706774588067
1088,-1,0.80812921864197
402,-1,0.8469798805762501
1278,-1,0.78330680998909
1030,-1,0.87911538906223
1117,-1,-1
1503,-1,-1
10,-1,-1
1185,-1,0.80177921950296
660,-1,0.6779331631226799
230,-1,0.80654445224921
1756,-1,-1
1521,-1,-1
679,-1,0.82013267004858
368,-1,0.79451132974078
1011,-1,0.81269897739906
102,-1,0.7248719786637601
1649,-1,0.8096405170706
701,-1,0.69822116423616
1717,-1,0.8123970889515
186,-1,0.908768140658716
582,-1,-1
1122,-1,0.82146827198159
1178,-1,-1
1344,-1,0.82584022242363
1495,-1,-1
941,-1,0.86637908396568
303,-1,-1
180,-1,0.78418170910658
2037,-1,-1
2029,-1,0.79310606386892
25,-1,0.67435604132011
795,-1,0.70690555294373
1913,-1,0.7637296453640701
315,-1,0.8339607993504901
635,-1,0.80423282997044
1388,-1,0.77610758925352
746,-1,-1
1145,-1,0.8404717550591401
443,-1,0.81600562226789
1315,-1,0.73676774162034
1488,-1,-1
234,-1,0.6956004108014
1562,-1,-1
1598,-1,0.9923738784777423
1875,-1,0.76269464616124
1447,-1,-1
1707,-1,0.80135206578971
1543,-1,0.78069066665268
1960,-1,0.85109474034433
2090,-1,0.81879013996796
472,-1,0.83450851614236
911,-1,0.83710736676596
1670,-1,0.81067429436265
96,-1,0.89276022449264
1795,-1,0.82408866561683
1399,-1,0.82768242537559
1723,-1,0.81240429823287
1780,-1,0.8138112424908099
1258,-1,0.75171342854913
1737,-1,0.79302654993445
142,-1,0.75617647234755
1179,-1,-1
137,-1,-1
206,-1,0.78859955328396
1634,-1,-1
1136,-1,-1
457,-1,0.81375309015464
2042,-1,-1
382,-1,-1
2020,-1,0.77366930443718
551,-1,0.82866967680158
1602,-1,0.9920407950379145
943,-1,0.827844963292
193,-1,0.84614385628226
1398,-1,-1
1771,-1,0.83330618165078
1827,-1,0.78262455911484
745,-1,0.84916108419616
1012,-1,0.83579248880191
985,-1,0.86437043389219
576,-1,-1
1261,-1,-1
961,-1,0.8299599906091
899,-1,0.85818864285232
182,-1,-1
73,-1,0.81257554352647
355,-1,-1
173,-1,0.77019930369975
782,-1,0.75087028096342
1445,-1,0.84397427692567
1147,-1,0.63922859848696
219,-1,0.7520939710975
964,-1,0.77977440266514
444,-1,0.85796631503081
1677,-1,0.80135769182531
1219,-1,-1
1763,-1,0.74174163646535
1022,-1,0.82586838783813
1988,-1,0.8013824797042199
1609,-1,0.9985058487335834
467,-1,0.78648524126298
793,-1,0.81617837458391
629,-1,0.83042531242102
858,-1,0.8182318471684
13,-1,-1
330,-1,0.77178257765998
1325,-1,0.84104510403308
1420,-1,-1
18,-1,0.7985959287718201
1481,-1,-1
698,-1,0.75608242204331
862,-1,-1
1400,-1,0.73305343425516
1812,-1,0.79833972148633
1434,-1,-1
393,-1,0.82288350342545
271,-1,0.78564203247939
1939,-1,0.8972833115416
1493,-1,-1
386,-1,0.80525604277743
857,-1,0.81778162784816
930,-1,0.81640385690687
765,-1,0.86231102561611
1811,-1,0.82106125767022
1901,-1,0.76281895085796
1625,-1,0.8591122601117
1516,-1,-1
1882,-1,0.76372886949387
1654,-1,0.78736259580203
98,-1,0.82242697302205
1568,-1,-1
806,-1,0.82035363216388
449,-1,0.80077258372453
1700,-1,0.8018136771418101
902,-1,0.80316740757007
1505,-1,0.74580490485855
1624,-1,0.82424828197808
741,-1,0.81446911874409
1002,-1,-1
1304,-1,0.6953101226632
39,-1,0.8229306382318999
1878,-1,0.76281408472717
1499,-1,-1
183,-1,0.7940753843129
2076,-1,0.7897020397869
1525,-1,-1
212,-1,0.77596100797655
205,-1,0.78187016396772
274,-1,0.79720477712703
725,-1,0.81967423258795
1777,-1,0.8148303743870999
78,-1,0.7671813235470499
1056,-1,0.70685202372979
1716,-1,0.81243534631748
1036,-1,0.8163898638894
1127,-1,0.8242620769278299
343,-1,0.78909675381261
716,-1,0.82689308045276
1146,-1,0.78607479314744
1195,-1,-1
1096,-1,0.7854948183411901
261,-1,0.76610429062189
347,-1,0.72834533349873
1547,-1,0.78820673385623
1140,-1,0.8531383822658
595,-1,0.87598850746742
19,-1,-1
1544,-1,-1
1872,-1,0.76336281523333
1347,-1,-1
630,-1,0.8022761705963399
794,-1,0.8836760016324
1883,-1,0.7637319464937
144,-1,0.79994729701394
953,-1,0.85890338188188
300,-1,0.86359045041835
1706,-1,0.80181205294058
523,-1,-1
1166,-1,0.85270455253602
1099,-1,-1
865,-1,0.81075402914549
1426,-1,0.83812126257294
1092,-1,-1
1205,-1,-1
318,-1,0.83824848637149
2092,-1,0.81879038936439
1356,-1,0.7445817657914
5,-1,-1
1801,-1,0.8385775386194501
1808,-1,0.77156681710219
1718,-1,0.8140484440024001
1078,-1,0.82210029223519
92,-1,0.88420383346495
1684,-1,0.80095038208383
1500,-1,-1
1765,-1,0.82224633096596
2053,-1,-1
1482,-1,-1
884,-1,0.85829651830546
203,-1,0.7984032018749601
1578,-1,0.85071823231928
192,-1,-1
2101,-1,0.82087337197392
1141,-1,-1
1320,-1,0.76246748240027
1513,-1,-1
162,-1,0.83159432812498
177,-1,0.83428730095594
959,-1,-1
1059,-1,-1
878,-1,0.83649674997669
616,-1,0.67458105182288
2038,-1,0.89610702445258
1970,-1,0.76301180853564
428,-1,0.70190198982023
607,-1,0.78187540849438
1394,-1,-1
1376,-1,-1
1739,-1,0.69560117690974
1783,-1,0.72557530934686
154,-1,0.81201777576942
864,-1,0.78669146478928
1346,-1,0.71744537270967
400,-1,0.73111122731054
766,-1,0.82550588496105
1553,-1,-1
1611,-1,0.86766818836818
956,-1,0.89109061324975
979,-1,0.8155755864586101
255,-1,0.7525496313484
1934,-1,0.7737917978001501
1985,-1,0.76122754015253
1300,-1,-1
1108,-1,-1
379,-1,0.7568450747814199
1303,-1,-1
760,-1,0.82355863626904
654,-1,0.8185910126288101
2894,-1,-1
1927,-1,0.83624640294732
610,-1,0.77251902773616
1848,-1,0.76336583796957
1735,-1,0.82869100265586
1746,-1,-1
916,-1,0.82476652299299
1081,-1,-1
1367,-1,-1
1741,-1,-1
1259,-1,-1
1479,-1,-1
62,-1,0.8082242794882
1453,-1,0.84613156691945
1923,-1,0.76373456506486
311,-1,0.7879081981966
1998,-1,0.77083988445534
416,-1,0.84139425653344
115,-1,0.68531105661193
1857,-1,0.7626796297348
1046,-1,0.77735097663993
1366,-1,0.7256115995233501
1425,-1,0.79747340998573
275,-1,0.73980737431515
314,-1,0.78891007551942
1696,-1,0.80095126007022
2099,-1,0.81877253487629
1514,-1,0.81911640468534
1170,-1,-1
1070,-1,-1
34,-1,-1
1921,-1,0.76251602126019
1330,-1,0.81571308917179
1240,-1,-1
784,-1,0.83120757515766
1823,-1,0.78606443962423
2017,-1,0.7882214728270001
648,-1,0.80896485147337
677,-1,0.79116175131732
1308,-1,0.6862578572460301
2105,-1,0.86557770031689
797,-1,0.84738812949862
1974,-1,0.8221943605808
558,-1,0.80812684509111
1745,-1,-1
1100,-1,0.79421665865112
590,-1,0.949119001014739
735,-1,0.77276087235276
1966,-1,0.77158181970345
1467,-1,0.82431707820601
767,-1,0.81141898276763
702,-1,0.67276928954892
1429,-1,-1
1946,-1,-1
1534,-1,0.7407932340640799
1902,-1,0.76335880636722
53,-1,0.82766798421135
840,-1,0.75400949944772
1483,-1,0.79179400628449
2010,-1,0.78312306124351
710,-1,0.73587603778933
1582,-1,0.9048346021029801
995,-1,-1
1377,-1,-1
1770,-1,0.79514478657243
57,-1,0.84815457913606
579,-1,0.86278572634854
4,-1,-1
366,-1,0.74556490358939
430,-1,-1
1579,-1,0.7933764708155
232,-1,0.7590063642697
1794,-1,0.78462689390208
1077,-1,0.82211401347876
968,-1,0.78169515092211
1065,-1,-1
397,-1,0.83573051545844
270,-1,0.76213129236479
11,-1,-1
165,-1,0.84145770331844
921,-1,0.73123623270354
1660,-1,0.79560377059849
349,-1,0.81958239649796
1863,-1,0.76268637389028
288,-1,0.72953467609681
1512,-1,-1
323,-1,-1
614,-1,0.77302889735827
932,-1,0.81639504297841
1073,-1,0.79518732390243
419,-1,0.82449502651738
175,-1,0.79878581879185
2061,-1,0.7931141919261
2003,-1,0.76385741211062
686,-1,-1
1626,-1,0.70404244737578
1106,-1,0.82597991501035
198,-1,0.83437863490536
1102,-1,-1
1317,-1,0.8011723289745301
1290,-1,0.7654967157343899
1019,-1,-1
2019,-1,0.81795335369669
708,-1,0.8081446893304101
59,-1,0.8242551116581001
1362,-1,-1
1520,-1,0.75984731432161
383,-1,0.8176648485428499
238,-1,-1
683,-1,0.73405618043551
732,-1,0.78142626887134
1449,-1,-1
1155,-1,0.76078020579273
1441,-1,-1
1847,-1,0.76279952743797
2091,-1,0.8187709271432599
1233,-1,0.8085981369888
1264,-1,-1
1288,-1,0.88761929712557
1945,-1,0.78264726994706
1254,-1,0.77251000150411
986,-1,0.80274258492829
195,-1,0.83033145745018
1618,-1,0.8439957887890099
461,-1,0.8230524030609
1565,-1,0.73974024759488
1612,-1,0.8499234620486
1550,-1,0.7815276703523499
915,-1,0.8042314135862401
1506,-1,0.78118279305051
868,-1,0.78158767759098
945,-1,0.82784672743203
877,-1,0.8423580031214399
2000,-1,0.80941118583137
1354,-1,0.7979534775661901
1202,-1,0.80920500922372
87,-1,0.77596539919593
290,-1,0.73729666948518
247,-1,0.74005013496617
774,-1,0.82288511333408
377,-1,0.8411807989091
1702,-1,0.8009464693220301
60,-1,0.8280219443059
1232,-1,0.85809162095795
1283,-1,0.75904955258902
1489,-1,-1
763,-1,0.83394008318018
1518,-1,0.73329107870994
1421,-1,0.82709574037877
1461,-1,-1
1507,-1,0.78691164618326
1563,-1,0.79811926180799
1897,-1,0.76336576790214
1427,-1,-1
1273,-1,-1
1721,-1,0.81280575625469
1294,-1,0.7571391743687
974,-1,0.80064821888157
575,-1,-1
1576,-1,0.878404639186
1371,-1,-1
189,-1,0.85310831635583
94,-1,-1
841,-1,-1
1665,-1,0.71883441585453
127,-1,0.7294526218886199
1601,-1,0.977672068940585
97,-1,0.7922425879797
8,-1,-1
1561,-1,-1
44,-1,0.81622949724686
1358,-1,-1
1475,-1,-1
45,-1,0.82783809936102
221,-1,0.76357485902195
1193,-1,0.78765382462132
77,-1,0.8056555288624601
440,-1,0.81950075025421
139,-1,-1
360,-1,0.80919093050541
1060,-1,0.81458354725201
1528,-1,-1
2057,-1,0.7715663304239
617,-1,0.6856820536733901
1181,-1,0.81137797758965
1438,-1,0.8194965035912201
188,-1,0.8800307569342201
972,-1,0.8307548341655799
1855,-1,0.7625016435567
1894,-1,0.76374055270683
1383,-1,0.80143098323841
160,-1,0.78799047079216
187,-1,0.7351301714458001
597,-1,0.82561467357302
1335,-1,-1
353,-1,0.79863876559792
871,-1,-1
411,-1,0.81813645361096
72,-1,0.84000022979481
413,-1,0.89345924976791
2104,-1,0.8678249714169199
2059,-1,0.79413282609809
1681,-1,0.80046110059541
1020,-1,-1
685,-1,0.81298196719104
1416,-1,-1
1131,-1,-1
1792,-1,0.81624458735053
687,-1,-1
2103,-1,0.86557759641633
1363,-1,-1
903,-1,0.86509249248857
730,-1,0.78141194638005
223,-1,0.78406894947453
1691,-1,0.8005531576988401
226,-1,0.6995769782221499
1149,-1,0.7531219104743501
1725,-1,0.81342086425405
278,-1,0.78091175646304
66,-1,0.67414878811054
615,-1,0.7037189702073601
184,-1,0.80675563470433
380,-1,0.85623520955204
1529,-1,0.75980070349239
713,-1,0.79365860612783
786,-1,0.7932992244435599
1473,-1,-1
264,-1,0.78181512423967
1095,-1,-1
197,-1,0.8214039402450299
1629,-1,-1
2065,-1,0.78657246125715
1289,-1,0.8031327637155801
2023,-1,0.81133908597471
550,-1,0.7598293256365201
533,-1,-1
898,-1,0.8377438126107299
796,-1,0.7291056775682401
216,-1,0.75022182878986
1142,-1,0.81454675598345
1211,-1,-1
1380,-1,-1
681,-1,0.86204402309219
1177,-1,0.80949664946654
1242,-1,0.84312302719628
1730,-1,0.7801785208990499
1068,-1,0.84748190444198
901,-1,0.7759089083669
1328,-1,-1
167,-1,0.8524170780947
855,-1,0.81776162567842
2006,-1,0.79306628943527
792,-1,0.84044969632872
452,-1,0.7298250542693401
217,-1,0.7520852845357799
1276,-1,-1
1045,-1,0.77265438145152
1583,-1,-1
1675,-1,0.80047391531085
1799,-1,0.80768520328057
931,-1,0.81640726574581
585,-1,-1
640,-1,0.69535812600908
799,-1,-1
1821,-1,0.86728544861525
381,-1,0.80488573761826
1058,-1,-1
1284,-1,0.7438816523965199
61,-1,0.80812178895873
233,-1,0.77490818019176
704,-1,0.73721543867986
35,-1,0.80214868669395
176,-1,0.80108680460078
2054,-1,0.79306395097433
2102,-1,0.8678239661296601
743,-1,0.8296233242940401
831,-1,-1
1951,-1,-1
613,-1,0.74566737073208
1591,-1,0.9700046778468709
1732,-1,0.8063064621305001
2107,-1,0.81917993191386
733,-1,0.7817127487309
719,-1,0.83497141034763
426,-1,0.72856433941008
12,-1,-1
1129,-1,0.8229135022760901
436,-1,0.69747465517783
1891,-1,0.76251654617727
258,-1,0.74085399337103
101,-1,0.88761941306915
1905,-1,0.7626801078482199
1134,-1,0.88736780816767
628,-1,0.7144329016612
780,-1,0.84578898587925
870,-1,-1
1360,-1,-1
1079,-1,0.8058593783053
711,-1,0.88254640385509
815,-1,0.8058947511225
283,-1,-1
1267,-1,-1
556,-1,0.81398052895021
1200,-1,0.69610717275243
842,-1,-1
1209,-1,0.78630679853139
734,-1,0.78173625904782
159,-1,0.81945127296841
1296,-1,0.75198425218643
1135,-1,-1
1906,-1,0.7641338313675
850,-1,-1
1464,-1,0.8276303481772
152,-1,0.8141873839202101
1498,-1,-1
1635,-1,-1
1862,-1,0.7637268141407401
242,-1,0.76056372465676
1993,-1,0.84320922851919
1603,-1,0.970149285964925
200,-1,0.77715177993051
263,-1,0.74641109777659
958,-1,-1
1968,-1,0.75870288526775
1297,-1,0.8542198767717499
1967,-1,-1
1191,-1,0.8184261304302101
1171,-1,0.72674272343799
1410,-1,-1
439,-1,0.73085416248119
1118,-1,-1
1599,-1,0.970295880309582
1899,-1,0.76268509289382
1406,-1,-1
591,-1,0.75803837461531
1738,-1,0.69559448037716
753,-1,0.8412304605543199
76,-1,0.8120735378476001
934,-1,0.81639014971432
1610,-1,0.976783392632417
845,-1,-1
385,-1,0.78265786647419
1268,-1,0.83004502439166
148,-1,-1
772,-1,0.79701706477583
435,-1,0.71939052850747
893,-1,-1
1343,-1,0.76226258961086
190,-1,0.87638784280283
1958,-1,-1
618,-1,0.69668300494568
1637,-1,-1
1975,-1,0.81627038870303
1904,-1,0.76373550345721
707,-1,0.81813515332041
1814,-1,0.84450258404489
1724,-1,0.8140569968682501
1237,-1,-1
994,-1,-1
1628,-1,0.83693388637549
1313,-1,0.7647065678221
1836,-1,0.79874192473438
1189,-1,0.75750585677659
1432,-1,-1
91,-1,0.74068246298501
1524,-1,-1
1000,-1,0.81010282565722
88,-1,0.79162496108028
442,-1,0.79330777385522
422,-1,0.70511774716065
756,-1,0.79751477732952
64,-1,0.8075126804781
1087,-1,-1
682,-1,0.72290581802358
642,-1,0.80898875255736
250,-1,0.71317027371037
1033,-1,-1
918,-1,0.80575301509061
138,-1,-1
1871,-1,0.76282126973757
211,-1,0.7046630477129401
1027,-1,0.88795484369177
1418,-1,0.8556385091591601
570,-1,0.81567558104533
1886,-1,0.76415329189176
308,-1,0.82040799481523
1865,-1,0.76281111857183
1826,-1,0.78215638292818
740,-1,0.81995917391387
1567,-1,0.77528705673807
447,-1,0.78914717937467
1374,-1,-1
917,-1,0.80553437060379
1798,-1,0.87230563918307
363,-1,0.76112681735694
1588,-1,0.914217178622516
1719,-1,0.81341562313745
1265,-1,-1
1013,-1,0.8125833565170499
1154,-1,0.67120880566443
689,-1,-1
996,-1,-1
1480,-1,-1
362,-1,0.78692855407719
2098,-1,0.81876512275909
1510,-1,0.8299375719606901
962,-1,-1
1664,-1,0.7784078744385801
213,-1,0.78588353440922
1818,-1,0.8101564975884
1776,-1,0.83086399807924
378,-1,0.74849332607502
1973,-1,0.77356417538831
1226,-1,0.7958628158100001
1768,-1,0.70140524293415
1411,-1,0.84397265652739
2005,-1,0.79307331211676
722,-1,0.82996167208261
1212,-1,-1
1592,-1,0.9999394408101103
1041,-1,0.84026441646317
1143,-1,0.7500730242809099
1983,-1,0.815215704866
598,-1,0.83818345499072
1842,-1,0.80183476595354
992,-1,-1
975,-1,-1
757,-1,0.86116979045491
294,-1,0.8067164999037
593,-1,-1
2080,-1,0.79081878225352
565,-1,0.89000089514471
231,-1,0.76545380241946
787,-1,0.78118441125105
122,-1,0.7757156774540099
881,-1,-1
737,-1,0.76224902045341
1979,-1,0.79374398536156
1942,-1,0.82555601851655
1791,-1,-1
568,-1,0.89000039196873
1263,-1,-1
1557,-1,-1
1787,-1,0.83649952227755
1961,-1,0.78142162058947
929,-1,0.81641203008007
312,-1,0.8276477589039
1987,-1,0.78995503684319
2075,-1,0.78414408606314
913,-1,0.85202610346037
1339,-1,-1
886,-1,-1
307,-1,0.8161965487338
1648,-1,0.84554070583243
1305,-1,0.73833163154307
791,-1,0.87615692827075
1319,-1,0.7843201116626
811,-1,0.8159874191755
2007,-1,0.79204824387556
1173,-1,-1
293,-1,0.83859345643208
277,-1,0.76611934977819
1006,-1,-1
218,-1,0.7502470170161399
1494,-1,0.76733185766407
1587,-1,0.919651388630885
1922,-1,0.76373803483799
1262,-1,0.77771536598731
89,-1,0.932267321691178
1570,-1,0.85153860723229
965,-1,0.77307874305087
1121,-1,0.80503242024943
1685,-1,0.80055435404264
459,-1,0.83170867749447
1361,-1,-1
1910,-1,0.76250841443576
781,-1,0.75194378078845
74,-1,0.80766526146177
1548,-1,0.78707383942505
85,-1,0.7844512875424
1762,-1,0.79371164663896
1314,-1,0.80534744001732
1112,-1,0.8132436010628901
338,-1,0.79871927707227
33,-1,0.80259730262623
1014,-1,0.81121188349549
2079,-1,0.79185907121045
588,-1,0.8402199657346
1496,-1,-1
1786,-1,0.72704983910893
1385,-1,0.72773501760407
46,-1,0.82094511919446
284,-1,0.7051981036468999
1419,-1,0.86022954554336
910,-1,0.82673832969939
936,-1,0.8164116683353
548,-1,0.85714378463874
534,-1,0.934295745303602
1919,-1,0.76337578445679
1743,-1,-1
819,-1,0.82129158594935
418,-1,0.72569547874903
1932,-1,0.83834242288274
738,-1,0.7946194682143
286,-1,0.73821151547772
723,-1,0.84390148484696
2064,-1,0.7692721521128
769,-1,0.80007265732111
1944,-1,0.87556496610616
646,-1,0.80896660853802
1333,-1,0.84235422692062
375,-1,0.7457341251023499
1035,-1,0.83285264198154
251,-1,0.71582412925201
1749,-1,-1
1235,-1,-1
885,-1,0.83712062927002
1858,-1,0.76413642875178
1349,-1,-1
466,-1,0.76063811986666
1021,-1,0.8193155054012999
390,-1,0.84205870426741
952,-1,0.82784718686967
1511,-1,-1
202,-1,0.8132761436059099
399,-1,0.8196754354918
240,-1,0.69528326527608
695,-1,0.66600717249034
1803,-1,0.7852489458898699
1909,-1,0.76336293595617
424,-1,-1
185,-1,0.89124674725594
1126,-1,0.8035650850898299
1742,-1,-1
1965,-1,0.79174561532724
1931,-1,0.79604146464336
334,-1,0.76646185765928
907,-1,0.86205277558413
1066,-1,-1
1351,-1,-1
492,-1,0.8068042039632
1184,-1,0.74612285656904
170,-1,0.80128383484193
1580,-1,0.76951568515018
1435,-1,-1
1627,-1,0.8367939884239299
812,-1,0.8635646680142
1508,-1,0.89456750403324
1471,-1,-1
1679,-1,0.80054701934582
859,-1,0.7980488833264
645,-1,0.8140105816654
1784,-1,0.85507655892889
1338,-1,-1
1402,-1,-1
1813,-1,0.8711190742074
1026,-1,0.87775933306815
888,-1,-1
1052,-1,-1
132,-1,0.81567615647712
280,-1,0.69697942375817
140,-1,0.7828411355836
609,-1,0.7812849078405
1089,-1,-1
1849,-1,0.76249500064645
1199,-1,0.8203915661927
1208,-1,0.8174553608402
541,-1,0.932513378100186
1652,-1,0.78814957261979
835,-1,0.7760776803043901
1463,-1,0.8270133748967
853,-1,0.83962795354139
1989,-1,0.8318660657424399
1396,-1,0.81271870651043
980,-1,0.83305972545066
1133,-1,-1
1395,-1,-1
1673,-1,0.80054509722475
981,-1,0.83014376541029
2100,-1,0.820872179405
966,-1,0.7849920911018999
1523,-1,-1
237,-1,0.79594211260198
1531,-1,0.82585260516613
1116,-1,0.80794722581496
1327,-1,0.82817448405787
1414,-1,-1
1676,-1,0.80181181998701
1225,-1,-1
174,-1,-1
540,-1,0.939489675127962
83,-1,0.72093293503024
1885,-1,0.76270503762885
529,-1,0.8396982650197
957,-1,0.8812958187259
1151,-1,0.64568176014083
848,-1,0.76636893353387
1163,-1,0.84660890204936
2068,-1,0.79494268601526
1733,-1,0.80051845681682
28,-1,0.7044111042149299
389,-1,0.7563410235998
1437,-1,0.77820088483243
1586,-1,0.82859563857704
1101,-1,-1
817,-1,0.88420175525298
337,-1,-1
631,-1,0.76765186001193
1782,-1,0.80356660574182
388,-1,0.79793162900629
1164,-1,-1
822,-1,0.73906326266486
1769,-1,0.8214279871547
1285,-1,0.87331793894078
1977,-1,0.7993813786564
1345,-1,-1
298,-1,0.83933894315572
1403,-1,0.80551276334318
1282,-1,0.75773644082071
1091,-1,-1
172,-1,0.82858428728956
1160,-1,0.80136960516065
1090,-1,-1
1843,-1,0.80125617651587
1010,-1,0.79947368592617
2026,-1,0.76499842697433
759,-1,0.79712907920373
969,-1,-1
1559,-1,-1
1515,-1,-1
1655,-1,0.73555529584629
1348,-1,-1
1917,-1,0.76415320736495
1187,-1,-1
1301,-1,-1
1472,-1,0.77028589705203
1752,-1,-1
1850,-1,0.7637194848739299
1650,-1,0.86953009412862
181,-1,-1
414,-1,0.78743602030224
208,-1,-1
204,-1,0.78937555623663
407,-1,0.76470845562713
599,-1,0.80387105462708
1293,-1,0.75715887093905
2071,-1,0.79083941241736
989,-1,0.79028093582686
1169,-1,0.78824070922273
331,-1,0.82403503694387
1039,-1,0.81166942404463
1941,-1,0.81350220268325
1692,-1,0.80030659306129
927,-1,0.81641557072327
1947,-1,-1
552,-1,0.82568261315794
971,-1,0.8524913034109101
468,-1,0.8544914746801899
222,-1,0.74351513019778
1824,-1,0.8355509139266399
600,-1,0.75379064015646
58,-1,0.82445427176591
705,-1,0.78387943961482
1306,-1,0.69961946783106
1671,-1,0.8260979358745499
1575,-1,0.87714912923928
1439,-1,0.82755670741941
1032,-1,-1
2033,-1,0.86317570280673
364,-1,0.7967893762019
458,-1,0.81620109883726
1111,-1,-1
266,-1,0.74779574309547
1839,-1,0.80154014793508
1522,-1,-1
762,-1,-1
612,-1,0.7864502670533899
1800,-1,0.80229479595313
849,-1,-1
344,-1,0.7836430776375201
1123,-1,0.8027647421009501
1381,-1,0.78634669667075
339,-1,0.72917071086678
1703,-1,0.8005424951554501
1448,-1,0.81568789888209
1577,-1,0.77798666590493
1357,-1,-1
1220,-1,-1
1892,-1,0.76374131382643
401,-1,0.78879409823736
1230,-1,-1
789,-1,0.85053291343671
1619,-1,0.83857769155989
1342,-1,-1
824,-1,-1
1744,-1,-1
1668,-1,0.82110737494994
391,-1,0.74061399592706
2028,-1,0.7941423265583
1779,-1,0.79488721384882
770,-1,0.80315474733139
890,-1,0.82608785626149
909,-1,0.8148203738913999
1851,-1,0.76268471452247
1593,-1,0.977583102445778
1930,-1,0.7827913860128
1805,-1,0.83844881743767
653,-1,0.8003940526138
1221,-1,-1
542,-1,0.81657979820383
1740,-1,0.69559541144629
1275,-1,-1
1881,-1,0.76373084606691
2032,-1,0.82843401780356
1321,-1,0.76246131309702
2069,-1,0.7918613122104
1431,-1,0.8286311139319
773,-1,0.82000035862662
905,-1,0.83785196503409
1231,-1,-1
1539,-1,0.88113632766002
423,-1,0.72036273147429
982,-1,0.82820732661199
103,-1,0.78784206303278
376,-1,0.77639385059039
1815,-1,0.82604965106215
785,-1,0.78750811840039
1775,-1,0.74478980728737
608,-1,0.77253622656612
1929,-1,0.78904928875526
2082,-1,0.79186523977984
603,-1,0.80781352387477
1387,-1,-1
876,-1,0.8399525730373401
1355,-1,0.7935946673302
55,-1,0.83186246793541
1110,-1,-1
896,-1,0.7680425510227
1504,-1,0.81111068285277
2096,-1,0.81878227967855
141,-1,0.77619454493063
1174,-1,-1
373,-1,0.8682504066038
908,-1,0.84513345698093
1502,-1,-1
1350,-1,-1
245,-1,0.7685078755413299
694,-1,0.73633990216259
1828,-1,0.78262221538914
1695,-1,0.80135818155363
1422,-1,-1
967,-1,0.78192329499389
748,-1,0.78622778477218
1007,-1,0.80964649166435
169,-1,0.84901313831946
309,-1,-1
1704,-1,0.8002999012247
1896,-1,0.76335499599722
955,-1,0.88735017451722
1037,-1,0.81750811615973
352,-1,0.78474288080713
1075,-1,0.84607404969245
1978,-1,0.76530587049959
889,-1,0.79697817895255
553,-1,0.8193854874885
1682,-1,0.80181770683723
663,-1,0.7256302944862101
121,-1,0.8021012325678301
403,-1,0.82304512045994
1597,-1,0.977688795702741
281,-1,0.73889042168035
52,-1,0.80454191901855
1864,-1,0.76413551274299
340,-1,-1
700,-1,0.68813366430284
1468,-1,0.83029561934568
691,-1,0.6867272052325
392,-1,0.86474526077288
592,-1,0.86328112840429
1492,-1,-1
895,-1,0.78632174046826
563,-1,0.89000079866199
1309,-1,0.68625496649695
997,-1,0.79341303983334
776,-1,0.903863186034644
1569,-1,-1
451,-1,0.81747571875869
1751,-1,-1
1476,-1,-1
2021,-1,-1
37,-1,0.80518886745274
703,-1,0.7382280956631699
644,-1,0.81538393796936
1640,-1,-1
1287,-1,0.76030594762515
1854,-1,0.76336096513044
778,-1,0.86079567180669
976,-1,0.80221250085829
164,-1,0.89246748510341
1911,-1,0.7637323059505701
2,-1,-1
157,-1,0.82448447031811
335,-1,-1
125,-1,0.77539026909547
1130,-1,0.81831572614303
1295,-1,0.7615756143485399
171,-1,0.8036492841737299
656,-1,0.7740950495364
658,-1,0.81102136634909
1833,-1,0.80185001718943
1856,-1,0.76372540130412
920,-1,0.78644134395572
1316,-1,0.79273715643398
235,-1,0.7246006196683801
1086,-1,-1
1914,-1,0.76250338304981
107,-1,0.7178329191692701
954,-1,0.78904887995433
95,-1,0.78271812060838
2077,-1,0.79494080721203
752,-1,0.84276845118275
1984,-1,0.7846059133609
872,-1,0.83977200835856
134,-1,-1
1274,-1,-1
322,-1,0.76505566995279
427,-1,0.7280038942652101
834,-1,0.78425304206468
1816,-1,0.86291845209532
626,-1,0.7121952780160901
1955,-1,0.8069157366769499
1055,-1,-1
1638,-1,-1
1661,-1,0.79772383556733
1034,-1,0.78077982473101
1031,-1,0.78324464355567
56,-1,0.83412822194695
346,-1,0.7540759712062199
1459,-1,-1
51,-1,0.82642593856882
201,-1,0.80948317536951
1976,-1,0.81845596347613
846,-1,0.80004611934612
882,-1,0.8530441534089099
1536,-1,0.83428040590374
867,-1,-1
2012,-1,0.79393210949082
2024,-1,0.76927177873708
1778,-1,0.80227734739153
2106,-1,0.8191789986264599
244,-1,0.80373511349183
166,-1,-1
1094,-1,0.904594893178888
241,-1,0.7882343824631299
810,-1,0.77960530807223
1323,-1,0.8101500082733
1699,-1,0.8004722916001901
1318,-1,0.8018171268507099
2097,-1,0.81876892077816
1880,-1,0.76250076594371
2016,-1,0.78980371029576
441,-1,0.87292661798247
1959,-1,-1
291,-1,0.82217468780449
1228,-1,0.82567645358019
1223,-1,0.7229805911554901
1992,-1,0.80431364609549
561,-1,0.82160446799777
1144,-1,0.76799775207522
1269,-1,-1
1613,-1,0.9996183847761796
1879,-1,0.7633629920609
1754,-1,-1
124,-1,0.82587594058871
429,-1,0.76550707277455
1937,-1,-1
6,-1,-1
370,-1,0.76210509910252
536,-1,0.87020732623658
547,-1,0.79944665945482
194,-1,0.8516856144589899
984,-1,0.83854166208875
1662,-1,0.85572297938431
1049,-1,0.74903479708013
1326,-1,-1
1844,-1,0.8022979180505501
935,-1,0.8164049221258101
191,-1,0.922489073079501
1697,-1,0.80054713994909
1750,-1,-1
674,-1,0.73983597111371
632,-1,0.81429629090734
1148,-1,0.70896280750702
1809,-1,0.79318943614181
369,-1,0.78909009325821
1040,-1,0.85504229937967
2001,-1,0.80500235596282
1535,-1,0.78186482377791
2013,-1,0.79083682803555
937,-1,0.81640131590854
225,-1,-1
715,-1,0.84705895402991
1271,-1,-1
1124,-1,-1
783,-1,0.75086276139452
987,-1,-1
1397,-1,0.75417832277748
1517,-1,0.8409571027338301
586,-1,-1
1024,-1,0.87971829985159
1336,-1,-1
