Id,geacron_similarity,concept_similarity
395,0.7967,0.741240449846
1066,0.7579,-1
812,0.7988,0.69406458886747
653,0.9919,0.78708810711302
1729,-1,0.7208741783571899
2092,-1,0.7396733726910201
551,-1,0.7117247546010901
1988,-1,0.73845488201291
706,-1,0.69924432564201
1481,0.7311000000000001,-1
930,-1,0.78739635985145
1692,-1,0.7408649139039201
1487,0.7908999999999999,-1
859,-1,0.72909447525246
810,0.7969999999999999,0.82450644332678
153,0.795,-1
258,0.7973,0.932228751432842
1165,0.7978000000000001,-1
1086,0.5909,-1
1401,-1,0.7842238901745799
1677,-1,0.74228878656284
6,0.374,-1
228,0.9993,0.89131232729522
274,0.7944,0.87246628170778
1874,-1,0.72500705550674
1337,0,-1
1834,-1,0.75765913849211
1224,-1,0.81795727413072
995,0.7878000000000001,-1
192,0.7897000000000001,-1
1493,0.9866,-1
1637,0.9841,-1
1007,0.7976,0.72268438894366
1545,-1,0.74008509893578
1892,-1,0.72501564947831
247,0.9988,0.907098546676367
1078,0.5913999999999999,0.7904655901273601
1542,-1,0.80105149641844
1242,-1,0.7016598981275299
1161,-1,0.65862044507685
550,-1,0.71910101978738
2,0.374,-1
567,-1,0.71099803384015
1592,-1,0.7571564840552201
1044,0.7976,0.75116508321496
1933,-1,0.77011530897143
1957,0.786,-1
1747,0.5186999999999999,-1
1147,-1,0.64587906737591
1504,-1,0.76158448862136
1614,-1,0.7553540102619201
950,0.9988,0.7242441816838
645,0,0.7772003577401501
1567,0.7948999999999999,0.909019887221108
565,-1,0.73292225006696
1568,0,-1
339,0.7968,0.925018544558844
2029,-1,0.77802937702759
827,0.7968,-1
1770,-1,0.7724192266082199
1201,0.7983,-1
433,0.7964,0.912596683628606
1791,0.5153,-1
1326,0,-1
902,0.9996,0.6851275556572001
425,0.7984,0.87042073830225
122,0.7596,0.68579777091062
1907,-1,0.72536350304023
582,0.7638,-1
630,-1,0.7539308782920899
1356,0.7968,0.68942010255763
1443,0.599,0.7394074558606001
1585,-1,0.78615507323682
620,-1,0.7351386740811701
943,0.7988,0.72422963549018
1616,-1,0.752093990862
998,-1,0.64854038341871
1283,1.0,0.977411564014866
397,0.997,0.74325557323084
1968,-1,0.7313705004709801
536,-1,0.67700753849751
1995,-1,0.77978134669019
1911,-1,0.7249994018093899
1138,0.7974,-1
1262,0.7967,0.87194191950974
1843,-1,0.71772931478141
861,0.7968,-1
2062,-1,0.77804536235068
1002,0.7944,-1
1298,-1,0.7161378933319
2002,-1,0.81195711630102
607,0.7947,0.88262122968251
1048,0.7136,-1
1509,0,-1
1894,-1,0.72501427215097
1390,-1,0.81712052569056
847,0.7975,0.78502823455723
1338,0,-1
1934,0.7979,0.71389520443502
987,0.7897000000000001,-1
1579,0.7975,0.69207892891968
1989,0.9999,0.73914646668973
1122,0.7901,0.79652058221792
990,0.7901,0.7878636812747399
2064,-1,0.77794051454609
1351,0.7968,-1
909,0.9996,0.69732761787396
1587,-1,0.77458320477816
635,-1,0.70211268770818
1559,0.7637,-1
1220,0.48329999999999995,-1
1913,-1,0.72499462467292
1819,-1,0.74052898219776
1631,0.9841,-1
896,0.9965,0.79260155303334
1096,0.9972,0.71429201226925
2059,-1,0.7791022983018
1635,0.9841,-1
286,0.796,0.86682466660527
1444,0.7609,-1
651,0.7962,0.89534038784733
323,0.48119999999999996,-1
1771,-1,0.75099082165228
1319,0.9992,0.949809956774822
1026,0.7976,0.74825376701973
126,-1,0.74015334056796
242,0.9992,0.903517484171405
538,-1,0.73698140785733
619,-1,0.75105316636248
351,0.7968,0.900796517911547
423,0.7984,0.86773832238669
37,0.7935,0.7222264876579501
654,0.7959,0.74898977593838
1219,0.7706,-1
1014,-1,0.7315055415885501
1566,0.7945,0.82576694698303
13,0.4024,-1
386,0.7954,0.73252402625281
82,-1,0.64848334413068
1948,0.7982,0.67152935202921
1837,-1,0.7564507383189301
119,-1,0.6357686143897401
233,0.9988,0.9034948734509269
968,0.7991,0.89084769333122
1760,0.5186999999999999,-1
694,-1,0.7593041724613501
656,-1,0.68661072148883
733,0.5344,0.78583182900108
1802,-1,0.71110093117384
449,-1,0.7195314557805099
394,-1,0.74666191392257
982,0.995,0.75330056953144
427,0.7984,0.85630596917244
431,0.9984,0.8998461529855
1410,0.7956,-1
2101,-1,0.74293983051818
932,-1,0.78738428440479
1433,0.7962,0.7123915872415101
1753,0.5186999999999999,-1
1572,0.4861,-1
275,0.7987,0.955686180820183
195,0.7853,0.77947551928265
1350,0.7968,-1
1136,0.7942,-1
143,0.7998000000000001,0.927664804498333
1238,0.7934,-1
1739,0.9991,0.87985798763303
590,0.9986,0.76913513837557
1956,-1,0.78902089471083
121,-1,0.66897175862463
1627,0.9962,0.70540142601659
127,0.7936,0.922213668165186
2023,-1,0.72643488637839
1436,0.77,0.71645864898249
1150,-1,0.67306965396104
211,0.7755,0.8608765229976401
878,0.7729,0.73148787714246
1750,0.5186999999999999,-1
1361,0.7968,-1
1796,-1,0.7594250957658499
346,0.7962,0.935488484630727
60,-1,0.75455863780638
1554,-1,0.7681820099458
974,-1,0.74742796968622
1853,-1,0.7240390584265
80,-1,0.75908843055952
1176,0.5944,0.81632074085475
1532,-1,0.74390102417244
1581,0.7975,0.7425632136356
407,-1,0.6919139064269
1036,0.7976,0.7146023186653601
1076,0.5913999999999999,0.77809624966789
1085,0.5909,0.69949195636088
939,-1,0.79589432411862
928,-1,0.78739985418225
1639,0.9841,-1
1600,-1,0.7586506169974501
555,-1,0.6462579510933399
2099,-1,0.73963814866586
2040,-1,0.7777493093697
1008,0.7976,0.72380241273831
588,-1,0.7344854732984001
1589,-1,0.74151631957277
426,0.7984,0.8696663302315499
1087,0.5959,-1
2041,0.5298,-1
1389,-1,0.74500061499642
244,0.9986,0.908238690510792
967,0.7991,0.89096539074647
1745,0.5186999999999999,-1
2028,-1,0.77943596706318
68,-1,0.90211297928706
368,0.7968,0.902561938155611
461,-1,0.73328070157908
2105,-1,0.74566598481896
842,0.7968,-1
1100,-1,0.75105079646248
1134,0.7947,0.79872096934771
1751,0.5186999999999999,-1
235,0.9988,0.82389627701989
453,-1,0.71168623449153
1838,-1,0.7566942007691599
1293,0.9975,0.932484906663955
455,-1,0.72620612778676
331,0.5969,0.77275349363367
1000,0.796,0.7950401901515
754,0.5969,-1
1896,-1,0.72467143534863
1929,0.7999,0.71322823343648
594,-1,0.71813079961797
265,0.9988,0.942481678795267
1239,0.5628,-1
699,-1,0.6648339178804
225,0.7941,-1
584,-1,0.74543572754796
1188,-1,0.7746813069781799
1935,0.7979,0.73390011577473
580,-1,0.7218152530670501
1965,-1,0.75220405423471
1518,0.9986,0.89771505334088
658,0.7991,0.72721138385375
1698,-1,0.7408461162425499
1208,0.5900000000000001,0.77816905236312
1039,0.7976,0.7101683356718
375,0.7984,0.936951555487999
1232,0.5931,0.73648810700872
798,0.7758,-1
222,0.7988,0.90830232645697
1117,0.7361,-1
1405,-1,0.78317967705141
796,0.7957,0.88145597030484
539,-1,0.73002383129265
1484,0.7984,0.8457190563431
1588,-1,0.75479634619404
711,0.9983,0.73061215002906
1880,-1,0.72343197734564
94,0.4457,-1
1174,0.595,-1
1031,-1,0.7257347255880999
593,0.9722,-1
1629,0.796,-1
1777,-1,0.71234801647256
1577,0.7975,0.81321139849553
927,-1,0.78741244816249
1448,0.5186999999999999,0.70510452887086
1466,-1,0.78583547716107
1402,0.7702,-1
191,0.9992,0.76230568785694
89,-1,0.75315944204163
1787,0.7951,0.68614873573702
814,0.7361,0.78861903761958
1069,0.997,0.75520349632009
1871,-1,0.72406945630181
626,0.7957,0.88074360746379
931,-1,0.78740103697396
873,0.998,0.73973025987501
1422,0,-1
1594,-1,0.75773644082071
1292,0.9975,0.932475851046926
2082,-1,0.7865398928210801
1353,0.7967,0.6585455004858101
279,0.997,0.88688609362723
1331,0.7597,0.71914467233955
1558,-1,0.76437422828207
2053,0.7971,-1
614,-1,0.7189809036330099
207,0.7944,0.89136449888873
1505,-1,0.6943821159928201
1413,-1,0.73617101062763
1189,0.7966,0.78287706211677
2018,-1,0.73683145306801
1013,-1,0.7270047193164499
726,0.5344,0.7877799635282801
137,0.47230000000000005,-1
1050,0.9976,0.75935285338612
215,0.9989,0.901715480300759
972,0.9982,0.6983837743335299
1943,0.7984,0.7211109958378901
1721,-1,0.72604595012742
1017,0.7976,-1
1613,-1,0.75913546374818
1723,-1,0.7264110341268599
1944,0.7945,0.73252338140259
556,0.9924,0.75120151521447
318,0.7974,0.7144496050376901
179,0.9986,0.80382427331199
794,-1,0.77379596465032
681,-1,0.75834800460537
1270,-1,0.80421870945951
908,0.9995,0.7071389879375201
1546,-1,0.6933749442686701
240,0.9986,0.87457399508267
1520,-1,0.7452790417619499
2013,-1,0.78549620130039
350,0.7968,0.913451647493663
186,0.9986,0.7828176945658
887,0.7866,0.7479452614828099
1817,-1,0.70579183104541
1660,-1,0.77517042828866
1164,0.7965,-1
285,0.796,0.87282150027573
161,0.9987,0.71626210874853
1154,-1,0.63741581580458
1650,-1,0.74574501661403
1145,-1,0.7641080690212501
98,0.9755,0.7076800158508
1404,-1,0.78318882414556
1025,0.7976,0.77041511950247
773,0.9984,0.67587351282957
1334,0.5952999999999999,-1
1555,0.7988999999999999,0.74895577598136
648,0,0.7710953243632099
992,0.9893,-1
65,0.9974,0.84846555330502
87,-1,0.67651277329255
1400,-1,0.65969992241962
1979,-1,0.76632820352145
1897,-1,0.72469048695074
1272,-1,0.77430275542728
1824,-1,0.75999973467125
1296,0.9975,0.970196776654376
73,-1,0.70560219568666
1724,-1,0.7277362824724201
1507,-1,0.6841370462835901
226,0.9988,0.88120324805199
521,0.5921000000000001,0.74255590407511
1598,-1,0.75836207275201
428,0.7984,0.85441150454445
1091,0.9947,-1
1996,0.7829,0.75236888637719
883,0.7888,0.75616601279769
332,-1,0.7932647331067599
1095,0.9972,-1
310,0.5008,-1
1735,-1,0.7323499311005199
439,0.9954,0.89663881029055
783,0.7999,0.87196895717237
450,-1,0.69561320723
164,0.794,0.78706272332555
1528,0.374,-1
200,0.7651,0.79418039794881
793,-1,0.69276140863601
1360,0.7968,-1
1608,-1,0.7574773301004301
1673,-1,0.74107071406761
886,0.743,-1
1490,0.7912,-1
820,0.9735,0.81894845502193
208,0.7947,-1
297,0.7875,0.71711113384174
1715,-1,0.72601734227839
45,-1,0.7235339808625201
301,0.79,0.70763193839379
1265,0.7681,-1
561,0.5922000000000001,0.75456128521788
1722,-1,0.72581666845575
408,-1,0.7267806980999201
221,0.792,0.923287055282279
940,0.9965,0.9218038300945091
1605,-1,0.75726934711489
1467,0.7965,0.70631252288838
971,0.9982,0.7361495212086
618,-1,0.7274893844026
1829,-1,0.72916249617706
74,-1,0.7097992305006999
218,0.997,0.8937183796107
1304,0.7968999999999999,0.85993696958166
129,-1,0.68186174409984
1106,-1,0.69463431079128
867,0.7941,-1
1822,-1,0.67388575317663
1543,-1,0.76535583141797
329,0.7985,0.8052711377724799
239,0.9986,0.89746158736835
1904,-1,0.7250051560433399
1377,0,-1
277,0.7996,0.961129648649794
1011,-1,0.71594578985731
1978,-1,0.76141642295888
232,0.9988,0.88839048958208
1593,-1,0.75334890891174
768,0.7946,0.78496679408863
868,0.7937,0.79240314510729
183,-1,0.7813988437384
1199,-1,0.75111677973181
220,0.7969999999999999,0.89461017404891
1098,0.9972,-1
1844,-1,0.7192670807472701
1695,-1,0.7422898501603701
915,0.9986,0.70210952380143
1949,0.7982,-1
1833,-1,0.753796389178
1773,-1,0.72167304571554
403,-1,0.71426049118915
897,0.999,0.75114377425689
322,0.7932,0.936068784505337
1982,-1,0.73578068880326
2006,-1,0.7783791461212
291,0.7993,0.7370881591221
1869,-1,0.72364716473084
1123,0.7901,0.8098824429436
843,0.7968,-1
1797,-1,0.79848176535591
977,0.9959,0.7268527486527
238,0.9999,-1
679,-1,0.7401770020815
370,0.7999,0.87130090135248
1215,0.7861,-1
52,0.7735,0.69835682979916
564,0.9755,-1
1984,-1,0.78524159829123
2019,-1,0.7451894162586901
1471,0.9993,-1
2017,0,0.7368413125150299
1890,-1,0.72344424010321
1255,0.7755,-1
1005,0.7951,-1
1126,0.7983,0.77171306199458
888,0.9865,-1
1420,0.798,-1
1831,-1,0.74614001094211
1190,0.7966,0.901690252271193
1233,0.5933999999999999,0.71457042271642
1912,-1,0.72499766419599
865,-1,0.75645594197805
957,0.7901,0.74618852400894
602,-1,0.70578018648873
1564,0.9966,0.77263530094573
1775,-1,0.7212929847517799
1717,-1,0.72638644877376
1514,0.5949,0.78610682160401
1333,0.7557,0.7123650462276401
1042,0.7976,0.73460211704963
405,-1,0.75676756800932
1873,-1,0.72345417165281
1056,0.7823,0.85480287701613
531,0.35240000000000005,-1
1225,0.7979,-1
1864,-1,0.7253569775499
250,0.9993,0.89402233556
2033,-1,0.81178259785372
24,0.9974,0.848472328008
2038,-1,0.77486365336853
404,0.7956,0.69268800295949
1435,0.7266,-1
1931,-1,0.79674235204279
1891,-1,0.72346034147333
1858,-1,0.72535862847665
84,-1,0.70157871075528
107,-1,0.62147249785932
1983,-1,0.81134774437713
1214,0.7681,-1
376,0.796,0.931705324580827
2058,-1,0.76249111798977
595,-1,0.75190912810165
384,1.0,0.75319782307356
1575,0.7975,0.74985784810255
811,0.7969999999999999,0.75721073244012
32,0.47230000000000005,-1
305,0.7974,0.69122380368404
1801,-1,0.76815671708708
994,0.7878000000000001,-1
828,0.7962,-1
963,-1,0.79085060823277
1877,-1,0.72536325898524
1769,-1,0.7314930646484
1951,0.1472,-1
740,0.9934,0.70625468369212
1321,0.9974,0.940113560801968
2069,-1,0.78653478080533
133,-1,0.70029108017336
135,0.7968,0.8992222130281
1383,0.7984,0.8682422073736
248,0.5962000000000001,0.964447251825042
1040,0.7976,0.78397802129362
86,-1,0.70624914472897
544,0.5442,-1
102,-1,0.63526388548558
1624,-1,0.72449196562608
27,0.7968,0.925784105557355
905,0.9999,0.75140250935098
1638,0.9841,-1
142,0.7962,0.91699914961281
460,-1,0.72547386247233
1343,0.7967,0.6715344186352701
1540,-1,0.77370464044089
204,0.7968,0.79261874829776
1426,0.7915,0.73739389508955
157,0.9986,0.7409340404150699
1291,0.9975,0.94250748279204
1010,0.7976,0.75438530410463
1766,-1,0.74034584283049
182,0.3778,-1
44,0.9902,0.71849461260798
819,0.9735,0.7935123096343399
348,0.7968,0.907030694283249
1,0.374,-1
1529,-1,0.73751562476228
67,0.7965,0.912937160425478
53,-1,0.75934420700731
1914,-1,0.7234366579932601
313,0.5344,0.7232871000151699
540,-1,0.75395898381065
2067,-1,0.78476650223828
836,0.7968,0.7982120737552301
1740,0.9991,0.87985589290858
156,0.9982,0.7390035487637701
752,0.7967,0.7856441413089
682,-1,0.70729057485837
434,0.7992,0.88024573204084
148,0.7514000000000001,-1
2031,0.7959,-1
652,0.5344,0.7197795955542801
1479,0.5956,-1
2089,-1,0.7518831815842499
716,0.7966,0.75166970833144
1893,-1,0.7250130428924799
446,-1,0.71431385025136
458,-1,0.71845084445701
1685,-1,0.7410910453153701
1049,-1,0.68849750024808
1868,-1,0.72498466310185
1183,0.7706,-1
587,-1,0.7141342609282699
209,0.7945,0.88382111025309
1810,-1,0.7373658992090499
1684,-1,0.7420018181769901
2011,-1,0.78371777244476
1820,-1,0.6768337134609901
1813,-1,0.7199621904889
1827,-1,0.728877747731
374,0.9992,0.92780073388508
372,0.9974,0.922520574298187
466,-1,0.6606349238709
1045,0.7956,0.77507719113984
155,0.9934,0.71183419384708
718,-1,0.73558637799601
1730,-1,0.7225627377471799
1733,-1,0.70147086516678
1451,0.9932,0.70764013858521
547,-1,0.77370404590518
311,0.5413,0.7163197231776
19,0.9893,-1
958,0.7968,-1
175,0,0.77120524030807
829,0.7962,-1
43,-1,0.76368242294019
1082,0.3991,0.6893590647614101
1940,0.7995,0.75518172416095
857,-1,0.7242567863633
1861,-1,0.723427656206
1602,-1,0.7594225387926901
1702,-1,0.7419934411482401
1736,0.9932,0.71058965950737
1231,0,-1
362,0.7968,0.903102336442839
598,0.5305,0.73830811891204
1060,0.7965,0.77391810433618
136,0.7998000000000001,0.72665936618312
1034,0.7976,0.70903976145227
1068,0.7957,0.75290534824836
1132,0.29610000000000003,-1
597,-1,0.73415249730486
1953,-1,0.7255549314014
1990,0.5921000000000001,0.7408021634958399
1998,-1,0.76225185278236
1295,0.9975,0.939890887721797
1318,-1,0.75193909511139
1845,-1,0.72362436930807
855,-1,0.72422570545018
817,0.5923,0.7378725152818699
975,0.988,-1
833,0,-1
2035,0.5455,-1
64,0.7988999999999999,0.75747566409763
205,0.7947,0.88261749429412
1938,0.7995,-1
432,0.9984,0.920830206636903
1271,0.7866,-1
732,0.5344,0.78553232264814
1972,0.7994,0.8054920405823001
803,0.7271000000000001,-1
533,0.476,-1
2042,0.7782,-1
762,0.7966,-1
1782,-1,0.71297167641442
1842,-1,0.71902810698618
319,0.7969999999999999,0.70005039032726
1519,0.593,-1
541,-1,0.7545023992652999
617,-1,0.68476767555812
1909,-1,0.72468546396387
684,-1,0.74301941150867
786,-1,0.79612558749535
270,0.7969999999999999,0.929902491726891
1516,0.7811,-1
616,-1,0.68661734851834
841,0.7632,-1
871,0.9981,-1
1403,0.5979,0.7191142422732599
1552,-1,0.76136355538227
1666,-1,0.76035714181774
707,0.9862,0.74251060779424
1137,0.7942,-1
1508,0.9975,0.74222997484322
970,0.9982,0.76988232695936
1167,0.5984,0.80193641540335
1180,0,-1
1153,-1,0.74056088162692
1962,-1,0.78144114457684
1385,0.7973,0.921448755289883
1259,0.7928999999999999,-1
1946,0.7982,-1
1059,0.7823,-1
683,-1,0.66974731806097
808,0.7948999999999999,0.81064777509114
1754,0.5186999999999999,-1
149,0.794,0.7611738147231399
1430,0.7934,0.72474020163882
253,0.5353,-1
177,0.7906,0.786605430467
1015,0.7976,0.7252939726476499
1679,-1,0.7410749111234101
1814,-1,0.7247830134768101
791,0.9992,0.72839988058768
1074,0.5298,-1
172,-1,0.76602564860862
9,0.374,-1
56,0.7595000000000001,0.76447177742908
21,0.9893,-1
579,-1,0.75709255238801
1320,0.9974,0.940115393231086
1483,0.9988,0.8128651144983801
1630,-1,0.7166230603424399
1925,-1,0.7250159184567
340,0.7968,-1
1186,0.7873,-1
611,0.7962,0.89403735667208
1658,-1,0.79222871942887
1065,0.5008,-1
891,0.7729,0.77176707582175
767,0.9992,0.7885149614485
1105,-1,0.77652005776421
1148,-1,0.65135206742175
1661,-1,0.77816980475187
1029,0.7976,0.7689646847993901
1191,0.7984,0.80400018264924
284,0.796,0.8732092427515901
61,0.9924,0.74620186231529
1590,-1,0.75668230011869
287,0.7984,0.901468126793901
756,-1,0.76801929053996
379,0.5962000000000001,0.921507876638739
809,0.7948999999999999,0.7974841121718
1205,0.7637,-1
1636,0.9841,-1
709,-1,0.73706926302263
1548,-1,0.76129719563331
2003,-1,0.7613133985755001
1489,0.7459,-1
14,0.4024,-1
1092,0.7959,-1
66,0.7968999999999999,0.84107325025164
35,-1,0.8067327250655301
1230,0,-1
738,0.5344,0.75173865430279
830,0.7952,0.77205225199966
766,0.9987,0.73715967099708
876,0.5926,0.75300991685306
1151,-1,0.65186883064125
1340,0,-1
1668,-1,0.71760294395474
720,0.7968,-1
1626,0.9981,0.86564146640882
437,-1,0.85850610065652
737,0.5344,0.67149706832945
965,0.7991,0.8833515336216899
1884,-1,0.72341304441608
1774,-1,0.73968293237809
2020,-1,0.69116805078872
1759,0.5186999999999999,-1
47,-1,0.7301971582184801
1355,-1,0.76312070241671
1705,-1,0.74140564285965
1198,-1,0.73605822710583
360,0.7968,0.906900854225343
2022,-1,0.68828807421476
1101,0,-1
416,-1,0.75829669314119
1918,-1,0.72408161300476
1767,-1,0.7031116526225101
735,0.5344,0.76425484128063
1152,-1,0.71900917385656
2095,-1,0.73966488111593
913,0.9987,0.76108897015749
1923,-1,0.72500346582484
1071,0.24360000000000004,-1
259,0.9988,0.954001299609021
1609,-1,0.76057967956814
1089,0.9943,-1
1987,-1,0.74141727383975
708,-1,0.74693919684074
1266,0.7878000000000001,-1
1252,0.9786,0.76934925602141
1526,0.35240000000000005,-1
2007,-1,0.77699743088193
1653,-1,0.70762331322668
749,0.997,0.7833129472428599
1937,0.7968999999999999,-1
1725,-1,0.7273375197963
801,0,-1
302,0.7944,0.72328738089656
880,0.7631,0.76621810795067
717,0.5944,0.69055775069852
1368,0.7952,0.73981781874471
1496,0,-1
1781,-1,0.71367539932196
1788,0.7951,0.6788745892062
1391,-1,0.72807528455628
1211,0.7956,-1
1619,-1,0.72360381930991
1644,-1,0.75993502070286
40,-1,0.67914048047133
1676,-1,0.74263491027374
697,-1,0.74571661561754
1849,-1,0.72342169812454
1955,-1,0.75200814477651
1393,0.7755,-1
895,0.9965,0.76947188448525
948,0.7953,0.7098934785297699
424,0.7984,-1
955,0.7961,0.7319013622095301
1125,0.9863,0.7810055870761
690,0.7606999999999999,-1
307,0.5201,0.70800224141756
934,-1,0.78737759135963
206,0.7947,0.89595718238489
889,-1,0.77127419758069
317,0.9962,-1
326,0.4891,-1
589,0.9986,0.76791561483784
1708,-1,0.7419832985428501
1495,0.7922,-1
774,0.7988999999999999,0.7522711892865099
79,-1,0.71469745151235
1094,0.7935,0.7687436110261
1958,0.7636000000000001,-1
1731,-1,0.72756267945312
1349,0.7968,-1
115,-1,0.61493232283204
599,0.39790000000000003,0.7432467981756801
729,0.5344,0.7917564047704699
1001,0.7967,0.80017647153742
1038,0.7976,0.71788727405746
951,0.7988,0.7098849580250299
705,0.7968,0.7862629150385401
615,-1,0.7361191496775901
1818,-1,0.71513646699836
966,0.7991,0.8949848891407199
1450,0.9932,0.7084789323276299
1701,-1,0.74228247745166
1210,0.7956,-1
1348,0.7967,-1
1852,-1,0.72535728272868
1945,0.7945,0.68416899447591
1441,0.507,-1
724,0.5344,0.80936174155185
1366,0.7968,0.945637680448382
429,0.9981,0.933915357362913
981,0.995,0.76174522856554
2063,-1,0.77910366196306
1317,-1,0.75502818653447
1533,-1,0.78792852108733
1182,0.47540000000000004,-1
698,-1,0.76835667726582
1704,-1,0.74085041503747
2100,-1,0.7429375536188401
464,0.7812,0.72339145265144
1851,-1,0.7236359736707401
710,-1,0.6782371223800701
294,0.767,0.7358493450193699
85,-1,0.7103788547171199
1699,-1,0.74141471698755
1993,-1,0.7595363953797301
1620,-1,0.73576487472302
1316,-1,0.77897597861227
1314,0.9974,0.87746088159663
1357,0.7968,-1
1835,-1,0.7506121706625
344,0.7968,0.89164908201895
128,-1,0.70623667468637
309,0.5008,-1
1417,0.9997,0.7001057216597
772,0.46430000000000005,0.70558368593081
1158,-1,0.77399581997597
984,0.7729,0.77377180868059
1862,-1,0.72498955184703
415,0.7987,0.72810714502561
1376,0.7844,-1
1878,-1,0.72405667470375
659,0.7968,0.904771038521577
1578,0.7975,0.79754845238799
166,0.9959,-1
744,0.997,0.914108996586022
1133,0.7948999999999999,-1
1539,-1,0.769480001311
328,0.7996,0.75423085506827
655,-1,0.78071984006953
1323,-1,0.6933888813643401
1382,0.7968,0.934252256900429
1107,-1,0.7767752142301
2094,-1,0.73964541832244
969,0.5344,-1
1030,0.7976,0.75015963852765
548,-1,0.78226189449493
993,0.9893,-1
765,0.9987,0.77425989989625
1212,0.5083,-1
942,0.9863,-1
214,0.997,0.88097130884789
696,-1,0.75026444125033
642,0,0.77112900631823
227,0.9987,-1
1330,0.7311000000000001,0.7125292070161899
1412,-1,0.73830566098962
1418,0.798,0.76824341471793
1464,0.9932,0.70986459330257
1373,0.7755,-1
1718,-1,0.72770517105161
243,0.9992,0.88535149113494
1278,0.7968,0.910600505595712
1887,-1,0.72538974534035
1967,0.988,-1
1407,0.7678,-1
2074,-1,0.77168380225951
1043,0.7976,0.72652815408825
69,0.9988,0.8698252216388
197,0.997,0.81127809676853
554,-1,0.73956255247915
1327,-1,0.75453794864275
609,0.9981,0.935676839911896
364,0.7968,0.906507421184081
660,-1,0.69294047837203
1671,-1,0.77093546345708
1275,0.2661,-1
879,0.7608,0.76096289376866
1522,0.35240000000000005,-1
1557,0.7709,-1
741,0.997,0.73362305049501
1197,0.7984,0.75340969697022
823,0.7951,0.77698745573087
596,0.7735,0.76065102393592
2030,-1,0.77803943261002
75,-1,0.76246744320481
591,-1,0.69203104621528
152,0.7954,0.79492904318267
954,0.7956,0.7132272500299199
922,-1,0.7873896576062
663,-1,0.66619505489556
1815,-1,0.739876733498
2103,-1,0.7456656788553899
874,0.7706,-1
1610,-1,0.75685538167544
230,1.0,0.89247228628816
583,0.7959,-1
271,0.7969999999999999,0.94284010394758
1960,-1,0.80169275859696
910,0.9996,0.71485231131199
1264,0.9846,-1
906,0.9999,0.71245666083447
1142,-1,0.73212033379885
1670,-1,0.73082290776628
234,0.9991,0.87985771008293
1246,0,0.7392945000832001
1344,0.7991,0.71073732287127
1742,0.5186999999999999,-1
1883,-1,0.72499875582426
1707,-1,0.7422766250245401
254,0.7968,0.944691844360715
1309,0.7973,0.85973917100029
296,0.9946,0.73449896162266
468,0.9985,0.77653284396095
795,0.9986,0.88309996849908
1077,0.5913999999999999,0.7904851871792
203,0.7956,0.7807119847773301
1285,0.9968,0.7569818326718301
1386,0.7987,0.7044823724740801
42,-1,0.75676161546228
39,0.997,0.73876508767266
180,0.7755,0.79349278998304
1656,-1,0.67689457548992
1560,0.7637,-1
1388,-1,0.7151525759599999
853,-1,0.7389237996060201
646,0,0.77109779345282
674,-1,0.76215828157821
1052,0.9863,-1
174,0.7636000000000001,-1
640,-1,0.8561512490718
1111,0.9742,-1
1839,-1,0.71790440026919
785,-1,0.80817645146496
770,0.7947,0.71960535940908
781,0.7999,0.87271175282606
443,-1,0.73741063287843
70,0.7761,0.62452694155599
1478,0.7601,-1
5,0.374,-1
1021,-1,0.72972506675655
1908,-1,0.72405767676131
280,0.7957,0.87322000560415
181,0.7962,-1
103,-1,0.77291058146688
1367,0.7274,-1
1806,-1,0.64617162115841
802,0.7271000000000001,-1
2036,0.47119999999999995,-1
457,-1,0.70371188259358
78,0.9895,0.69708112188616
1169,0.7963,0.79125342503542
1284,1.0,0.954447361498628
170,0.7959,0.72634329337451
901,0.9996,0.69973025454883
2054,-1,0.77805254782552
1757,0.5186999999999999,-1
1807,-1,0.69839619260411
866,0.7959,-1
1799,-1,0.7027491618144299
1482,0.7994,-1
1061,0.7965,0.5320541957966001
1429,0.7833,-1
600,-1,0.78282178877668
834,0.7959,0.78629398338793
2106,-1,0.73917624813114
99,-1,0.62454230179798
719,0.998,0.72823500904716
1947,0.7982,-1
799,0.20709999999999995,-1
2005,-1,0.7780652789829701
552,-1,0.7217165964962
695,-1,0.65048912805587
816,0.5923,0.71578328772054
549,-1,0.71659866322387
1510,0.7901,0.7151908270655201
1213,-1,0.7530381488665
1580,0.7975,0.8892989196118
680,-1,0.72145799090769
1910,-1,0.72344568243665
1308,0.7973,0.85974040551632
721,0.7968,0.74248564528968
1047,0.7853,0.83084646986504
267,0.7944,0.942065422548343
753,0.7967,0.77064821602535
821,0.7677,0.73069232101166
1476,0.7641,-1
1157,-1,0.83086796755489
628,-1,0.88295902445558
1876,-1,0.72536939725686
1584,0,-1
168,0.9988,0.74303657353993
691,-1,0.68649156547695
1374,0.7964,-1
1606,-1,0.76676979454322
1322,0.9974,0.944059724202142
1384,0.9993,0.930085451182527
1977,-1,0.67187127054125
592,-1,0.75834876162375
702,-1,0.68680223711052
1113,0.7361,0.76677929282473
418,-1,0.62806352957432
1387,0.7987,-1
1607,-1,0.7611403215279
553,-1,0.73548037592461
2015,-1,0.7844630209621299
120,-1,0.63162744610178
114,-1,0.6227658752687699
863,0.9943,0.81823520013685
1970,-1,0.7325361771758
1506,-1,0.7214738069929
1783,0.7951,0.88194794213473
1655,-1,0.6904427501003301
2894,0.4457,-1
776,0.7984,0.75603024666092
1826,-1,0.72820269860073
1728,-1,0.6945535360822199
822,0.5944,0.941348097108959
675,0.7956,0.77281513769121
1633,0.9841,-1
2068,-1,0.79922120595899
1959,0.7636000000000001,-1
1793,-1,0.75300257841787
18,0.7962,0.89973074588774
1470,0.9965,0.7266331381792199
1289,0.9975,0.71951264053787
1872,-1,0.72468525006843
1696,-1,0.74200370456069
1563,0.9975,0.72898516209218
1022,0.7976,0.7099008785183101
116,-1,0.6309784430862599
273,0.5944,0.85211907794731
223,0.9961,0.912575654435773
1499,0.7755,-1
154,0.7962,0.7140058275461301
1424,0,-1
1794,-1,0.77271487978793
76,0.9814,0.77156775296228
831,0.7952,-1
171,0.7755,0.72886029394397
606,0.7947,0.88356926869579
818,0.5923,0.8050917956888199
959,0.7968,-1
1622,-1,0.7264282950208201
1312,0.7974,0.946592794326651
1776,0.7936,0.76249049000335
1463,0.9932,0.70876711904655
1140,0.9863,0.77443628354884
1228,0.3982,0.74387453028894
1963,-1,0.75408544831992
255,0.9974,0.905447010864671
1268,-1,0.7163904044346401
1474,0.7641,-1
1118,0.7361,-1
900,0.9996,0.71065334189754
881,0.758,-1
1459,0.9932,-1
278,0.9983,0.954647702751526
728,0.5344,0.79315276104821
952,0.7755,0.72423972094049
1324,0.7938000000000001,-1
26,0.9974,0.84847308040674
343,0.7968,0.905699565098206
898,0.9996,0.773201586669
1206,0.7861,0.74950041307345
217,0.997,0.89634105848452
882,0.9666,0.76277556912589
454,0.793,0.72549065706703
1854,-1,0.7246819744042701
1971,-1,0.73317262393111
1414,0.9992,-1
392,-1,0.74181899183864
1416,0.9992,-1
759,0.5967,0.76760795273432
530,0.4024,-1
1936,-1,0.75341409087504
1218,0.7688,-1
1240,0.5333,-1
417,-1,0.74435337439069
391,-1,0.66422184781711
1643,0.9841,-1
1141,0.7974,-1
1665,-1,0.913794963022072
105,-1,0.67512685773226
1863,-1,0.72363894775115
1415,0.7541,0.70751751000942
1975,-1,0.76922170997613
414,-1,0.73229932846623
980,0.995,0.7787720756223
10,0.0014999999999999458,-1
188,0.996,0.77080817914514
17,0.7962,0.900938686651121
849,0.7959,-1
1267,0.7878000000000001,-1
1184,-1,0.75782976607272
224,0.9986,0.78767675819274
1097,0.9972,-1
1129,0.9863,0.7470577503401701
345,0.7968,0.86800842389436
308,-1,0.7164250023608101
1260,-1,0.68030999373419
380,-1,0.7557095268495599
459,-1,0.73886079075976
1301,0.7339,-1
2012,-1,0.79815692795592
704,-1,0.649898106235
295,-1,0.72633048869848
937,-1,0.78739287596075
763,0.7988,0.76400171737164
2107,-1,0.73917817971213
1371,0.7755,-1
1553,0.7669,-1
925,-1,0.78739446231744
34,0.21919999999999995,-1
1870,-1,0.7253795633726501
456,-1,0.73772557794201
1790,0.7719,-1
1591,-1,0.75286768840631
430,0.7871,-1
83,-1,0.66861411684774
1749,0.5186999999999999,-1
1565,-1,0.75145339184547
1687,-1,0.7414113465282299
715,0.9994,0.7288361059217501
973,0.9982,0.69838996551205
1752,0.5186999999999999,-1
1992,0.5921000000000001,0.73776750875935
1761,-1,0.80162809796185
1939,0.7995,0.74194521325612
261,0.7987,0.943712413479513
2090,-1,0.7396728765796
912,1.0,0.6990139875378201
1618,-1,0.72595808766811
1889,-1,0.7247110643287
1392,0.7999,0.88310283314947
1003,0.7961,0.901440102338245
1258,0.7941,0.9271666044900531
1226,-1,0.75771411418373
1648,-1,0.76216612715111
1805,-1,0.72642524169793
1848,-1,0.72469061135973
216,0.997,0.89341550436221
661,0.7968,0.90133242765595
1119,0.7361,-1
1419,0.798,0.72455554305321
1576,0.7975,0.75216273374538
1310,0.7974,0.950587091769663
1511,0.5675,-1
725,0.5344,0.81685742555371
1035,0.7976,0.70430070996454
1102,0.7945,-1
210,0.06620000000000004,-1
1465,-1,0.70034304486515
338,0.39790000000000003,0.73913096859251
815,0.5966,0.8037888216875599
787,-1,0.74139001278146
1273,0.7561,-1
688,0.7606999999999999,-1
198,0.9953,0.78461124695785
921,0.9985,0.87293807395881
1006,0.7951,-1
262,0.9992,0.934703693165673
1116,0.7361,0.77110987421467
634,-1,0.74142123666434
1058,0.7823,-1
160,0.9984,0.71194895773697
1672,-1,0.71130195295804
1455,0.9961,0.70392272604846
1423,0.5978,-1
2027,-1,0.7791025713134501
960,0.7755,-1
400,-1,0.64641505413654
1538,-1,0.7345452836350199
641,0.7968,0.86647407040089
761,0.796,0.78231945012697
1719,-1,0.7273191515408199
782,0.7999,0.87197138751936
249,0.9993,0.88239622896238
1920,-1,0.72342970029442
745,0.997,0.80350216893857
1562,0.7637,-1
1816,-1,0.7387952462628
1649,-1,0.78332397847489
1716,-1,0.72579860765644
202,0.7755,0.79592029105081
852,-1,0.75750458076807
263,0.9988,0.959534456865416
574,-1,0.73877444638419
1080,0.3962,-1
1306,0.7968999999999999,0.87170257547356
1146,-1,0.73988288916692
420,0.7984,0.89360655161001
713,0.9986,0.89387188956
1397,-1,0.67494325785483
1131,0.9976,-1
1681,-1,0.74139102933532
55,0.7755,0.7391403354638699
132,-1,0.81133881237215
390,0.9934,0.72394660734714
3,0.374,-1
2056,-1,0.7790948149839
1997,-1,0.76392756624117
406,-1,0.68176738078643
832,0.7952,0.7702324747909299
610,0.9981,0.946297566777851
88,-1,0.73781320774049
382,0.9665,-1
917,0.5999,0.74274581898587
1160,-1,0.69074253895767
2065,-1,0.77167730900364
1341,0.7291000000000001,-1
918,0.9987,0.71988308840743
1693,-1,0.74142417521099
281,0.7984,0.89389318964122
945,0.976,0.7242376202104099
2091,-1,0.7396350052026099
196,0.7827,0.53540767840645
366,0.7968,0.925785824268669
1305,0.7968999999999999,0.922018731079541
1535,-1,0.7571245234716499
1921,-1,0.72345939240826
1108,0.7968,-1
1274,0.7954,-1
534,-1,0.75904270237712
381,-1,0.73248174978055
100,0.7911,0.63174290982788
1090,0.7959,-1
1899,-1,0.7236366514971699
996,0.7561,-1
639,-1,0.79864048962406
1379,0.9966,0.77985062228907
1734,-1,0.79268248857848
165,-1,0.76251144278363
387,0,0.67760557183538
1748,0.5186999999999999,-1
1128,0.9863,0.78466359549249
298,0.7857000000000001,0.74183178691491
528,0.374,-1
1114,0.7361,0.76710577295202
1903,-1,0.72345375234324
1779,-1,0.7277703134254301
1678,-1,0.7420007230672501
845,0.7958000000000001,-1
1628,0.9962,0.70611215386459
1494,0.7962,0.7361721246842801
352,0.7968,0.89159758915739
1756,0.5186999999999999,-1
1245,0,0.7392986716479599
779,0.7984,0.74937964681285
1473,0.7554,-1
1454,0.792,0.7083755655002599
1932,-1,0.7773945599072
999,-1,0.6395121105628301
1686,-1,0.74084353405047
289,0.7984,0.90747646114559
1358,0.7968,-1
187,0.7992,0.93341405064723
2004,-1,0.77682310120251
146,0.738,-1
991,0.7897000000000001,-1
1460,0.9932,0.73749489980402
1663,0.7988,0.948103857228249
1172,0.595,-1
1254,0.7939,0.915164645382925
57,0.7956,0.71155904797408
1120,0.7361,0.7711127100548301
748,0.997,0.80460755427694
1512,0.7755,-1
1072,0.7966,0.72736177953724
856,-1,0.737154435537
299,0.791,0.71774755687308
1281,0.9999,0.8756411162982201
51,-1,0.7337647528126701
632,0.9994,0.75380377069309
293,0.5413,0.73469181355718
1328,0.7973,-1
839,0.7968,0.77701495944232
1181,0.794,0.75614236249425
341,0.7968,0.88036579284565
1657,-1,0.72443534210967
444,-1,0.78820735647805
1300,0.7968,-1
213,0.7921,0.88297310686414
435,0.7987,0.933761055720317
463,-1,0.70297871913884
2079,-1,0.78690007806651
1431,0.5722,0.72514451175254
176,0,0.7733245618792199
145,0.5186999999999999,0.71613911335902
1236,0.7948999999999999,-1
907,1.0,0.74065626730149
367,0.7968,0.9203467618994849
1765,-1,0.7464687508974299
872,0.998,0.73446946926106
377,0.7987,0.76572128195174
1033,0.7976,-1
90,-1,0.7426741804004999
1634,0.9841,-1
1028,0.7976,0.77983687499362
1915,-1,0.7236612686503601
650,0.5413,0.72781290146797
97,0.9924,0.70617920309355
804,0.792,0.76579072881652
1222,0.7992,0.909469228639213
1741,0.5186999999999999,-1
797,0.7706,0.7313955490249999
1462,0.9932,-1
529,-1,0.78582470688421
2078,-1,0.78654084190183
1900,-1,0.72537868870468
1461,0.9932,-1
769,0.7982,0.73328523835215
1369,0.44610000000000005,-1
1927,-1,0.74924117537846
1363,0.7968,-1
1694,-1,0.74264552140168
1570,0.7975,0.72282559442365
792,0.9992,0.7141314074859599
1179,0,-1
777,0.7984,0.72716728347029
946,0.9988,0.70617620808688
1073,0.7966,0.7133179354853401
1942,0.7981,0.74010090135821
1785,0.7951,0.88232711258545
545,-1,0.70383314254941
2096,-1,0.7396573008046701
929,-1,0.7874075804148399
1009,0.7976,0.72007833351191
807,0.798,0.7422261177854901
1051,0.9997,-1
282,0.7984,0.89008373575596
1906,-1,0.7253539502822199
1523,0.374,-1
1234,0.7968,-1
784,-1,0.7390044977389401
1342,0.7291000000000001,-1
1662,-1,0.74217479471867
1315,0.9974,0.930035467657136
1166,0.7974,0.80347053713176
1680,-1,0.7408503989531701
1738,0.9991,0.87985555333849
558,0.997,0.74621095664466
140,0.7959,0.78460293548857
824,0.7968,-1
1597,-1,0.7541822239683
371,0.5962000000000001,0.958041356598039
537,-1,0.70054264973453
1241,0.5432,-1
1647,-1,0.76568491738678
997,0.5949,0.79261848158532
1882,-1,0.72499323342144
1857,-1,0.72362688321123
1902,-1,0.72467815774205
112,-1,0.6316764612975401
2097,-1,0.73963108868772
336,0.7621,-1
303,0.7937,-1
1804,-1,0.68498512376459
1642,0.9841,-1
751,0.7967,0.81389244632194
1396,-1,0.71597497944343
12,0.4024,-1
1654,-1,0.73452379651504
492,-1,0.7247109069880799
846,0.7975,0.7856243886306999
59,0.9841,0.71793316924555
700,-1,0.68738571083769
1669,-1,0.6986778932214099
389,-1,0.68517743746964
1803,-1,0.7236708296130601
451,-1,0.6958840159780699
1446,0.7661,0.73786033426838
983,0.995,0.7110573115957499
231,0.9982,0.918446353139018
689,0.7606999999999999,-1
1185,-1,0.76401658049818
1786,0.7951,0.88273722576497
2077,-1,0.79921886877924
138,0.6818,-1
193,0.5863,0.72643259579735
276,0.7986,0.961444870582606
1583,0.45909999999999995,-1
445,-1,0.73595997740023
923,-1,0.78737532040249
54,0.7936,0.76119879306909
2060,-1,0.77943476646744
325,0.7956,0.77507892023606
421,0.7984,0.86669400732874
854,-1,0.72197345735919
2000,-1,0.69293138576819
123,-1,0.6570756950592
1019,0.7976,-1
877,0.7729,0.70935388112926
1755,0.5186999999999999,-1
2071,-1,0.78551646089119
269,0.5944,0.941987609312307
1395,0.7688,-1
399,-1,0.71518394251167
1832,-1,0.75737669722158
1667,-1,0.72545995478003
1881,-1,0.72499677934643
1449,0.5186999999999999,-1
30,0.9988,0.87582006971776
315,0.9962,0.72478018476284
569,0.7473000000000001,-1
1795,-1,0.71809620038585
365,0.7968,0.89534930350011
563,0.9989,0.73292172226497
1808,-1,0.6898310265632
848,0.7959,0.7665973484924999
113,-1,0.6282732688222901
401,0.9985,0.69807743664971
385,-1,0.7177495622404799
369,0.7968,0.905695216689322
572,-1,0.7488762985306401
1664,-1,0.66065298543673
38,0.9994,0.72885665550859
252,0.7989999999999999,0.89637663020323
2055,-1,0.78549715192035
327,0.7946,0.5398900671044
71,-1,0.78568999524354
256,0.9981,0.94578063491522
1332,0.7358,0.7064200244658401
334,0.7798,0.730024546872
624,0.7957,0.8807619010955801
359,0.7968,0.934499918764413
1691,-1,0.74108840063047
1084,0.7933,0.70016366249671
764,0.7951,0.76276649930962
920,0.9984,0.912571794828927
1621,0.9962,0.7260307827574399
245,0.9964,0.90686755791299
1110,0.9742,-1
354,0.7962,0.89478507649092
472,-1,0.74897325719354
1961,-1,0.78975200214164
11,0.4024,-1
441,-1,0.78358998952111
703,0.796,0.8668344838701
840,0.7962,0.76139473543084
1901,-1,0.72406532381841
1969,-1,0.7313635919292201
542,-1,0.77145677965337
1250,0.7966,-1
158,0.7964,0.71414637565271
1865,-1,0.72405141758437
2025,-1,0.77977727932292
1809,-1,0.76363021140482
23,0.9988,0.8758192010650601
1345,0.7967,-1
1083,0.5959,0.68726844711987
573,-1,0.74426846299353
629,-1,0.69005554970602
805,0.798,0.78968862508517
638,0.9988,0.954037345026452
108,-1,0.68110124697075
631,-1,0.74261658600482
730,0.5344,0.78551494159268
1784,-1,0.73540817766475
1079,0.7968999999999999,0.8031486925008899
1596,-1,0.7580018498051699
1625,-1,0.78545213403154
1603,-1,0.75565874816402
1037,0.7976,0.71662251111434
1811,-1,0.74993916086852
1411,0.7836,0.71770682359269
1187,0.4891,-1
947,0.9958,0.73379204697233
851,-1,0.70421540381867
1018,0.7976,-1
1194,0.7984,0.76228002587873
1973,-1,0.68568919218233
1847,-1,0.72403097959915
1159,-1,0.7568213448278001
411,0.9862,0.7425131607590301
1582,0.7975,0.74489776732236
1297,-1,0.7149376574418
1004,0.7951,-1
1599,-1,0.7545902257735699
723,0.9965,0.73621423269921
1365,0.7968,0.948165374289047
1399,0.7992,0.75936736253865
1525,0.35240000000000005,-1
1905,-1,0.72362773650721
701,-1,0.71427746505124
1290,0.9975,0.942499880328865
916,0.9994,0.7422851884231
1974,0.5986,0.72729781328635
2057,-1,0.7797763022452799
1193,0.7984,0.76187869164443
924,-1,0.78739627810795
212,0.7755,0.909475121204202
577,0.7968,0.7244526113087599
124,0,0.7551076217002
1235,0.796,-1
95,0.7957,0.7161174097710701
173,0.7991,0.77971945812371
1966,-1,0.72955893307709
1203,0.9965,0.75722687582516
283,0.7971,-1
949,0.7755,0.70986761199196
139,0.767,-1
743,0.997,0.7296470511265101
1954,-1,0.7243273160714301
1041,0.7976,0.6884286676699101
1941,0.7972,0.73990631335982
1928,0.7992,-1
962,0.7773,-1
1372,0.5966,-1
986,0.7897000000000001,0.79141402240909
1762,-1,0.79624045577368
1394,0.9755,-1
1472,0.5939,0.900788421921626
1964,-1,0.74463213710523
25,0.9974,0.8484731002157699
1352,0.7968,-1
1016,0.7976,0.74114775266528
2076,-1,0.78476563917169
1571,0.7975,0.72541396422429
1792,-1,0.71851801941033
335,0.5974999999999999,-1
1601,-1,0.7548563201731799
736,0.5344,0.78530168644075
1917,-1,0.72538908448913
875,0.7953,0.74933408566293
1517,0.7995,0.72165646846163
241,0.7968,0.915585832713801
1178,0.7358,-1
953,0.7956,0.7704040069119
2024,-1,0.77794006447273
412,0.7897000000000001,0.88580860879935
1688,-1,0.74265861780994
1569,0,-1
489,0.7786,0.75411223445858
1442,0.507,0.72987832591529
837,0.7968,0.78650434623895
219,0.997,0.89634651685765
1109,0.796,0.74252053948354
1763,-1,0.7440912843706
290,0,0.87657830384707
760,0.7823,0.78536772980239
36,-1,0.77864613344433
268,0.7944,0.921382217331685
1227,0.7998000000000001,0.72504363591541
436,0.9973,0.8396103646027699
750,0.997,0.78387914509627
1437,-1,0.73869302522961
1720,-1,0.7270086301573699
1885,-1,0.72367266262922
676,-1,0.79368417924002
1556,-1,0.71007724425247
266,0.5944,0.940635461220827
862,0.7959,-1
1492,0,-1
353,0.7968,0.928429445704
1823,-1,0.71477848834574
1171,-1,0.62976432325094
363,0.7968,0.931807544713816
1886,-1,0.72538923898442
8,0.374,-1
1251,-1,0.69656827926709
1257,0,-1
1427,0.554,-1
41,-1,0.75712531625096
1916,-1,0.7253756944280201
150,0.9986,0.76574324353822
147,0.9893,0.80032961072606
644,0,0.76863462919502
1645,-1,0.75619330045628
914,0.9987,0.70607519759602
1192,0.7987,-1
568,-1,0.73291950444468
1302,0.7967,0.89603795398126
585,0.7968,-1
91,-1,0.66677951532063
1121,0.7901,0.80572819229793
850,0.7968,-1
1261,0,-1
2039,0.493,-1
1501,0.7755,-1
347,0.7968,0.86155560694703
1727,-1,0.7208727608401899
1057,0.7823,0.7116376221644001
2070,-1,0.78690109899975
935,-1,0.7873978209782599
169,0.7937,0.75791095227233
961,0.9994,0.74403345553401
1856,-1,0.72498702448837
1173,0.5186999999999999,-1
1682,-1,0.74264780116204
1325,0.7938000000000001,0.7169697635605
1574,0.7975,0.74161256479678
467,-1,0.68801432289592
1303,0.7968999999999999,-1
1064,0.7965,0.54431886494032
1764,-1,0.73247290394912
1130,0.792,0.71924630860507
1513,0.5344,-1
789,0.9992,0.76456218467099
1149,-1,0.71302544459628
1875,-1,0.7236538304083899
92,0.5385,0.7464010479454499
727,0.7361,0.78712370322855
1378,0,-1
410,-1,0.73543754455436
1800,-1,0.80337949330085
1027,0.7976,0.76466335053617
1163,0.7971,0.79094199538361
885,0.9866,0.7515257982679899
1595,-1,0.7539355636035
237,0.9988,0.89005844185749
835,0.7959,0.7772573177408599
1828,-1,0.72887376714595
1276,0.7656000000000001,-1
844,0.7954,-1
1055,0.7951,-1
893,0.5658000000000001,-1
1611,-1,0.76676396477163
1475,0.7669,-1
288,0,0.86476885496435
1144,-1,0.6767782628203101
306,0.5318,0.7221200716840099
465,0.7956,0.7255428653283
125,-1,0.68745622607491
813,0.7878000000000001,0.71247455600025
1075,0.5913999999999999,0.72572673338519
892,0.5203,-1
989,0.7901,0.78788567337162
1537,-1,0.77722079133221
1263,0.7952,-1
1737,-1,0.7946901448457699
452,-1,0.63942921360314
2098,-1,0.7396236939113
780,0.9984,0.71182063634668
964,-1,0.71368372010845
438,0.7999,0.88980600511626
101,-1,0.74890004803256
2008,-1,0.7770029811587
58,0.9794,0.75723830748103
1527,0.35240000000000005,-1
1985,-1,0.71081510360526
739,0.997,0.76400662367326
1604,-1,0.7609542097338899
604,-1,0.7360898536572
300,0.7857000000000001,0.7628113294560099
608,0.9981,0.946304168428269
884,0.7866,0.7593547747485
1812,-1,0.76250179345831
1346,0.7963,0.901766149931238
1706,-1,0.74263541809525
1726,-1,0.72703071440402
1425,-1,0.70777234408487
1477,0.7692,-1
1768,-1,0.67525545520469
342,0.7968,0.906809447785434
1434,0.7744,-1
1573,0.7975,0.7391954905422999
330,0.7995,0.77998374145594
316,0.9962,0.71439205951936
1070,0.7968,-1
355,0.7968,-1
163,0.997,0.7645616175814001
1406,0,-1
201,0.997,0.78870563227149
357,0.7968,-1
613,0.7984,0.936927378706808
62,0.997,0.74687141776921
1830,-1,0.77027254415282
349,0.7968,0.915318649933425
1651,-1,0.74584849711622
2001,-1,0.75600814184509
1112,0.7361,0.76710240633022
1237,0.9775,-1
1081,0.47230000000000005,-1
734,0.9735,0.78421839132296
1279,0.9952,-1
378,0.5962000000000001,0.914928317594219
2073,-1,0.78653868304531
96,-1,0.74267297231532
358,0.7968,0.9172509149160339
28,0.796,0.8728168227754101
1836,-1,0.75124407133709
393,0.7968,0.72662404067221
2072,-1,0.78551596882136
1919,-1,0.72470833745191
1063,0.7965,0.80380806396594
1313,0.9974,0.9348875137527259
1359,0.7968,-1
622,0.5962000000000001,0.964447129763495
1561,0.7637,-1
1612,0.9983,0.74538335302128
1156,-1,0.65767971391834
1930,-1,0.6961789794091
257,0.9974,0.9339620593014379
858,-1,0.72406220045171
1674,-1,0.74086385490572
1200,0.5932999999999999,0.87603964565257
1127,0.9863,0.74685382903273
1311,0.7974,0.929252248185007
264,0.9973,0.919246312849396
260,0.9988,0.95007670571218
757,0.5967,0.77036958537397
1690,-1,0.74200656560608
199,0.9992,0.8114188847882999
1115,0.7361,0.76678638548233
448,-1,0.7054346666256199
373,0.5792999999999999,0.76520315521811
1743,0.5186999999999999,-1
605,0.5945,0.76494851439928
1170,0,-1
1547,-1,0.66571215191849
130,0.5557000000000001,0.77372338790736
731,0.5344,0.7882691753526601
1855,-1,0.72343354592333
686,0.7606999999999999,-1
1364,0.7968,-1
1339,0,-1
1104,0.7878000000000001,-1
1468,0.7965,0.7101183828540201
1551,-1,0.764095072991
1168,0.7979,0.75864935376455
1438,0.7761,0.71506316539181
1758,0.5186999999999999,-1
788,0.10619999999999996,-1
933,-1,0.78740333413546
1732,-1,0.69964952593524
2026,-1,0.76248697077784
1500,0.7755,-1
586,0.7968,-1
1286,-1,0.76753672151224
388,-1,0.7433849318643
493,-1,0.6337307057902299
778,0.7984,0.75759084784195
422,0.7984,0.86984720778062
2102,-1,0.73748856051726
1675,-1,0.74141818518392
1503,0.7755,-1
1354,-1,0.77884924286929
333,0.7692,-1
1024,0.7976,0.7503727832848099
1859,-1,0.72404978577324
419,-1,0.74767794760468
1421,-1,0.79127823457854
337,0.7819,-1
559,-1,0.6737743679811
941,0.9987,0.73392234981604
1445,0.518,0.71770979786865
1336,0,-1
1689,-1,0.7422987294522301
1986,-1,0.68604265431443
383,0.5305,0.70758975516396
2081,-1,0.78550592225379
81,-1,0.72142036412692
938,-1,0.8079393949570199
1020,0,-1
1447,0.7761,-1
1370,0.7755,-1
985,0.7897000000000001,0.74184378087991
1124,0.9917,-1
1480,0.7761,-1
1329,0.7736000000000001,-1
1229,0.5920000000000001,0.74232887846466
1521,0.35240000000000005,-1
1841,-1,0.71840439313036
712,0.9983,0.73830727669374
1541,-1,0.71263039696893
1280,0.7995,0.930171532533315
1549,-1,0.75070321321312
1840,-1,0.71957989577662
440,-1,0.73395721532806
2080,-1,0.78548961866999
141,0.7968,0.7661449813615
1746,0.5186999999999999,-1
1093,0.7935,-1
2037,0.7161,-1
190,0.7988,0.72742688105652
22,0.9967,0.78459189321851
603,0,0.76785861795008
1053,0.9863,-1
50,0.7957,0.73576548544799
570,0.7747999999999999,0.7411039325234601
523,0.7897000000000001,-1
413,-1,0.79498407373135
1088,0.9947,0.74621523748067
1846,-1,0.7253627171479999
1623,-1,0.74102170729371
722,0.9965,0.74403709608384
979,0.5344,0.71231062579361
1976,-1,0.7381100199398101
1700,-1,0.74263896393575
185,0.9988,0.76552226298748
1780,-1,0.71747074791837
1926,-1,0.76610809825273
612,0.7962,0.89517813706757
1646,-1,0.76870051310899
144,0.6755,0.7198909306161
159,0.9967,0.71447093024275
194,0.5949,0.7778462862953
1335,0.514,-1
1697,-1,0.74107517488937
1062,0.7965,0.78659520405618
1439,0.5344,0.72052730531634
1032,0.7976,-1
1640,0.9841,-1
2014,-1,0.78584028281667
189,0.7897000000000001,0.6962719530457899
1789,0.7951,0.80495519062689
1294,0.9975,0.932477064149499
1879,-1,0.72468556337598
800,0.47230000000000005,-1
746,0.7887,-1
1288,0.9975,0.74889965878366
312,0.5344,0.72479432967272
46,0.7119,0.71927922670846
1155,-1,0.70720610967084
1531,-1,0.7637060564400899
462,-1,0.7228214743535499
1981,-1,0.6995663087692701
1895,0.48119999999999996,-1
251,0.7993,0.87031081726477
396,-1,0.70758632206607
2066,-1,0.77825916988955
118,-1,0.67467473373969
1952,-1,0.74492559353932
1515,0,-1
1221,0.49350000000000005,-1
1099,0.9972,-1
1223,0,0.85028967147472
1209,0.5344,0.79952698622053
1632,0.9841,-1
314,0.5344,0.77134198686373
178,0.9735,-1
1498,0,-1
576,0.5261,-1
1046,0.7956,0.7418120568173701
899,0.9995,0.72339786867994
1703,-1,0.74106505225193
184,0.7991,0.72214071075219
1991,0.5921000000000001,0.74208090092088
1821,-1,0.76510018490695
685,-1,0.7455150639797901
1054,0.9863,-1
2075,-1,0.7782633529856
2061,-1,0.7780405072600101
2104,-1,0.73749177418332
1530,0.7936,0.76701754694139
1269,0.7878000000000001,-1
1772,-1,0.79456697019145
1195,0.7984,-1
1922,-1,0.7250097217441
134,0.386,-1
1307,0.9985,0.89062084003816
1888,-1,0.7240723054250899
988,0.7901,0.78400914664851
104,-1,0.73490363612328
361,0.7968,-1
623,0.5962000000000001,0.964447023659198
903,0.9996,0.73869350341603
1362,0.7968,-1
1825,-1,0.76026165300753
677,0.7956,0.77270634772688
936,-1,0.78740708331927
1398,0,-1
1432,0.7866,-1
1524,0.35240000000000005,-1
2021,0.7716000000000001,-1
687,0.7606999999999999,-1
4,0.374,-1
1143,-1,0.68139788714274
1999,-1,0.7499384555178901
1586,-1,0.7303946632123
1177,0.9966,0.77263620917285
1502,0.7755,-1
1536,-1,0.75804798382226
976,0.9959,0.77801684696923
77,-1,0.79291929577182
1488,0.7459,-1
1380,0.7332000000000001,-1
673,-1,0.7321446627243999
1287,0.9975,0.951734480530765
398,-1,0.63170946692969
292,0.7965,0.8987503196414
1175,0.5957,0.71454221192956
1202,0.7954,0.74921574158093
2016,-1,0.78446496178018
72,-1,0.79935771897993
838,0.7968,0.77983714763092
167,0.7755,0.77184760039444
956,0.7961,0.73450724031112
575,0.5161,-1
1744,0.5186999999999999,-1
1798,-1,0.77382411868644
1994,-1,0.77284291552867
2032,-1,0.7589582439528599
1012,-1,0.73611152755705
1850,-1,0.72497646994916
2010,-1,0.77723011385585
1067,0.7996,0.71149573456396
49,0.5037,0.72551768116785
1023,0.7976,0.75431043503034
864,0.7988,0.76986555280417
447,-1,0.77880827955609
1452,-1,0.71998767256062
1778,-1,0.73520677720564
1867,-1,0.7234079389678101
1898,-1,0.73749679264207
1381,0.7968,0.918957657452651
1375,0.7979,0.723117859573
229,0.9988,0.89842068276929
33,-1,0.80730602218376
1550,-1,0.67024478018553
442,-1,0.72744328637995
775,0.7984,0.73732959066023
2009,-1,0.77064883227825
890,0.7866,0.74295573956517
1103,0.7878000000000001,-1
402,-1,0.7768128680708299
1135,0.7974,-1
1659,-1,0.7126321671992599
926,-1,0.78740258907311
919,0.9996,0.74272904724434
870,0.7988999999999999,-1
1347,0,-1
1453,0.5558000000000001,0.71486175936306
1534,-1,0.68572543414925
911,0.9996,0.73632949554716
1652,-1,0.7514236915689501
1683,-1,0.74226809283314
1641,0.9841,-1
1544,0,-1
1950,-1,0.8043792832730701
894,0.48009999999999997,-1
1139,0.9863,0.7441707795732
806,0.798,0.7440111067752799
2085,-1,0.7518844850415101
151,0.7886,0.79418456520934
2093,-1,0.73962339363521
678,-1,0.73576229175202
162,0.7988,0.73075002158285
