Id,geacron_similarity,concept_similarity
395,0.7992,-1
1066,0.562,-1
812,0.5947,-1
653,0.796,-1
1729,-1,-1
2092,-1,-1
551,-1,-1
1988,-1,-1
706,-1,-1
1481,0.5352,-1
930,-1,-1
1692,-1,-1
1487,0.795,-1
859,-1,-1
810,0.5929,-1
153,0.9991,-1
258,0.5986,-1
1165,0.7981,-1
1086,0.395,-1
1401,-1,-1
1677,-1,-1
6,0.17810000000000004,-1
228,0.7952,-1
274,0.5903,-1
1874,-1,-1
1337,0,-1
1834,-1,-1
1224,-1,-1
995,0.5919,-1
192,0.5938,-1
1493,0.7907,-1
1637,0.7882,-1
1007,0.5935,-1
1545,-1,-1
1892,-1,-1
247,0.7947,-1
1078,0.5954999999999999,-1
1542,-1,-1
1242,-1,-1
1161,-1,-1
550,-1,-1
2,0.17810000000000004,-1
567,-1,-1
1592,-1,-1
1044,0.5935,-1
1933,-1,-1
1957,0.7901,-1
1747,0.3228,-1
1147,-1,-1
1504,-1,-1
1614,-1,-1
950,0.7947,-1
645,0,-1
1567,0.5908,-1
565,-1,-1
1568,0,-1
339,0.7927,-1
2029,-1,-1
827,0.9991,-1
1770,-1,-1
1201,0.7976,-1
433,0.5923,-1
1791,0.5194,-1
1326,0,-1
902,0.7963,-1
425,0.7943,-1
122,0.5643,-1
1907,-1,-1
582,0.5679000000000001,-1
630,-1,-1
1356,0.5927,-1
1443,0.7948999999999999,-1
1585,-1,-1
620,-1,-1
943,0.5947,-1
1616,-1,-1
998,-1,-1
1283,0.7959,-1
397,0.7988999999999999,-1
1968,-1,-1
536,-1,-1
1995,-1,-1
1911,-1,-1
1138,0.5985,-1
1262,0.7992,-1
1843,-1,-1
861,0.9991,-1
2062,-1,-1
1002,0.39849999999999997,-1
1298,-1,-1
2002,-1,-1
607,0.5906,-1
1048,0.5177,-1
1509,0,-1
1894,-1,-1
1390,-1,-1
847,0.5933999999999999,-1
1338,0,-1
1934,0.5938,-1
987,0.5938,-1
1579,0.5933999999999999,-1
1989,0.7958000000000001,-1
1122,0.5942000000000001,-1
990,0.5942000000000001,-1
2064,-1,-1
1351,0.5927,-1
909,0.7963,-1
1587,-1,-1
635,-1,-1
1559,0.7606999999999999,-1
1220,0.2874,-1
1913,-1,-1
1819,-1,-1
1631,0.7882,-1
896,0.7994,-1
1096,0.7987,-1
2059,-1,-1
1635,0.7882,-1
286,0.7919,-1
1444,0.765,-1
651,0.7921,-1
323,0.473,-1
1771,-1,-1
1319,0.7967,-1
1026,0.5935,-1
126,-1,-1
242,0.7967,-1
538,-1,-1
619,-1,-1
351,0.7927,-1
423,0.7943,-1
37,0.5893999999999999,-1
654,0.5852999999999999,-1
1219,0.5747,-1
1014,-1,-1
1566,0.5904,-1
13,0.20650000000000002,-1
386,0.39949999999999997,-1
82,-1,-1
1948,0.7977,-1
1837,-1,-1
119,-1,-1
233,0.7947,-1
968,0.7968,-1
1760,0.3228,-1
694,-1,-1
656,-1,-1
733,0.5385,-1
1802,-1,-1
449,-1,-1
394,-1,-1
982,0.5991,-1
427,0.7943,-1
431,0.7975,-1
1410,0.39970000000000006,-1
2101,-1,-1
932,-1,-1
1433,0.7997,-1
1753,0.3228,-1
1572,0.2902,-1
275,0.7972,-1
195,0.7894,-1
1350,0.5927,-1
1136,0.5901000000000001,-1
143,0.9961,-1
1238,0.9975,-1
1739,0.795,-1
590,0.5992,-1
1956,-1,-1
121,-1,-1
1627,0.7997,-1
127,0.5895,-1
2023,-1,-1
1436,0.5741,-1
1150,-1,-1
211,0.5796,-1
878,0.777,-1
1750,0.3228,-1
1361,0.5927,-1
1796,-1,-1
346,0.7921,-1
60,-1,-1
1554,-1,-1
974,-1,-1
1853,-1,-1
80,-1,-1
1176,0.3903,-1
1532,-1,-1
1581,0.5933999999999999,-1
407,-1,-1
1036,0.5935,-1
1076,0.5954999999999999,-1
1085,0.395,-1
939,-1,-1
928,-1,-1
1639,0.7882,-1
1600,-1,-1
555,-1,-1
2099,-1,-1
2040,-1,-1
1008,0.5935,-1
588,-1,-1
1589,-1,-1
426,0.7943,-1
1087,0.19999999999999996,-1
2041,0.5339,-1
1389,-1,-1
244,0.7973,-1
967,0.7968,-1
1745,0.3228,-1
2028,-1,-1
68,-1,-1
368,0.7927,-1
461,-1,-1
2105,-1,-1
842,0.9991,-1
1100,-1,-1
1134,0.5906,-1
1751,0.3228,-1
235,0.7947,-1
453,-1,-1
1838,-1,-1
1293,0.7934,-1
455,-1,-1
331,0.399,-1
1000,0.5999,-1
754,0.39880000000000004,-1
1896,-1,-1
1929,0.7958000000000001,-1
594,-1,-1
265,0.7971,-1
1239,0.5669,-1
699,-1,-1
225,0.3982,-1
584,-1,-1
1188,-1,-1
1935,0.5938,-1
580,-1,-1
1965,-1,-1
1518,0.7973,-1
658,0.795,-1
1698,-1,-1
1208,0.5941000000000001,-1
1039,0.5935,-1
375,0.7982,-1
1232,0.3972,-1
798,0.5799000000000001,-1
222,0.9971,-1
1117,0.5402,-1
1405,-1,-1
796,0.39980000000000004,-1
539,-1,-1
1484,0.7943,-1
1588,-1,-1
711,0.7976,-1
1880,-1,-1
94,0.4498,-1
1174,0.3909,-1
1031,-1,-1
593,0.7763,-1
1629,0.7999,-1
1777,-1,-1
1577,0.5933999999999999,-1
927,-1,-1
1448,0.3228,-1
1466,-1,-1
1402,0.7743,-1
191,0.7967,-1
89,-1,-1
1787,0.591,-1
814,0.5402,-1
1069,0.7988999999999999,-1
1871,-1,-1
626,0.39980000000000004,-1
931,-1,-1
873,0.7979,-1
1422,0,-1
1594,-1,-1
1292,0.7934,-1
2082,-1,-1
1353,0.5926,-1
279,0.7988999999999999,-1
1331,0.5638000000000001,-1
1558,-1,-1
2053,0.7988,-1
614,-1,-1
207,0.5903,-1
1505,-1,-1
1413,-1,-1
1189,0.7999,-1
2018,-1,-1
1013,-1,-1
726,0.5385,-1
137,0.473,-1
1050,0.7983,-1
215,0.7969999999999999,-1
972,0.7977,-1
1943,0.7975,-1
1721,-1,-1
1017,0.5935,-1
1613,-1,-1
1723,-1,-1
1944,0.7904,-1
556,0.7965,-1
318,0.7985,-1
179,0.7973,-1
794,-1,-1
681,-1,-1
1270,-1,-1
908,0.7964,-1
1546,-1,-1
240,0.7973,-1
1520,-1,-1
2013,-1,-1
350,0.7927,-1
186,0.7973,-1
887,0.5907,-1
1817,-1,-1
1660,-1,-1
1164,0.7924,-1
285,0.7919,-1
161,0.7972,-1
1154,-1,-1
1650,-1,-1
1145,-1,-1
98,0.7796,-1
1404,-1,-1
1025,0.5935,-1
773,0.7943,-1
1334,0.3994,-1
1555,0.7948,-1
648,0,-1
992,0.7934,-1
65,0.7985,-1
87,-1,-1
1400,-1,-1
1979,-1,-1
1897,-1,-1
1272,-1,-1
1824,-1,-1
1296,0.7934,-1
73,-1,-1
1724,-1,-1
1507,-1,-1
226,0.7947,-1
521,0.3962,-1
1598,-1,-1
428,0.7943,-1
1091,0.5988,-1
1996,0.787,-1
883,0.7928999999999999,-1
332,-1,-1
1095,0.7987,-1
310,0.30489999999999995,-1
1735,-1,-1
439,0.7913,-1
783,0.796,-1
450,-1,-1
164,0.3981,-1
1528,0.17810000000000004,-1
200,0.5691999999999999,-1
793,-1,-1
1360,0.5927,-1
1608,-1,-1
1673,-1,-1
886,0.7343999999999999,-1
1490,0.5952999999999999,-1
820,0.7776000000000001,-1
208,0.5906,-1
297,0.5916,-1
1715,-1,-1
45,-1,-1
301,0.5941000000000001,-1
1265,0.7722,-1
561,0.7881,-1
1722,-1,-1
408,-1,-1
221,0.5961000000000001,-1
940,0.7994,-1
1605,-1,-1
1467,0.7994,-1
971,0.7977,-1
618,-1,-1
1829,-1,-1
74,-1,-1
218,0.7988999999999999,-1
1304,0.7989999999999999,-1
129,-1,-1
1106,-1,-1
867,0.79,-1
1822,-1,-1
1543,-1,-1
329,0.7974,-1
239,0.7973,-1
1904,-1,-1
1377,0,-1
277,0.7955,-1
1011,-1,-1
1978,-1,-1
232,0.7947,-1
1593,-1,-1
768,0.5905,-1
868,0.5896,-1
183,-1,-1
1199,-1,-1
220,0.7988999999999999,-1
1098,0.7987,-1
1844,-1,-1
1695,-1,-1
915,0.7973,-1
1949,0.7977,-1
1833,-1,-1
1773,-1,-1
403,-1,-1
897,0.7968999999999999,-1
322,0.5891,-1
1982,-1,-1
2006,-1,-1
291,0.5952,-1
1869,-1,-1
1123,0.5942000000000001,-1
843,0.9991,-1
1797,-1,-1
977,0.6,-1
238,0.796,-1
679,-1,-1
370,0.796,-1
1215,0.5902000000000001,-1
52,0.7776000000000001,-1
564,0.7796,-1
1984,-1,-1
2019,-1,-1
1471,0.7966,-1
2017,0.5986,-1
1890,-1,-1
1255,0.7796,-1
1005,0.591,-1
1126,0.5942000000000001,-1
888,0.7906,-1
1420,0.5939,-1
1831,-1,-1
1190,0.7999,-1
1233,0.1975,-1
1912,-1,-1
865,-1,-1
957,0.5942000000000001,-1
602,-1,-1
1564,0.7993,-1
1775,-1,-1
1717,-1,-1
1514,0.19899999999999995,-1
1333,0.7598,-1
1042,0.5935,-1
405,-1,-1
1873,-1,-1
1056,0.5864,-1
531,0.15649999999999997,-1
1225,0.998,-1
1864,-1,-1
250,0.7966,-1
2033,-1,-1
24,0.7985,-1
2038,-1,-1
404,0.39970000000000006,-1
1435,0.7307,-1
1931,-1,-1
1891,-1,-1
1858,-1,-1
84,-1,-1
107,-1,-1
1983,-1,-1
1214,0.5722,-1
376,0.5919,-1
2058,-1,-1
595,-1,-1
384,0.7959,-1
1575,0.5933999999999999,-1
811,0.5929,-1
32,0.473,-1
305,0.5985,-1
1801,-1,-1
994,0.5919,-1
828,0.9997,-1
963,-1,-1
1877,-1,-1
1769,-1,-1
1951,0,-1
740,0.5974999999999999,-1
1321,0.7985,-1
2069,-1,-1
133,-1,-1
135,0.7927,-1
1383,0.7943,-1
248,0.3921,-1
1040,0.5935,-1
86,-1,-1
544,0.5483,-1
102,-1,-1
1624,-1,-1
27,0.7927,-1
905,0.796,-1
1638,0.7882,-1
142,0.5921000000000001,-1
460,-1,-1
1343,0.5926,-1
1540,-1,-1
204,0.9991,-1
1426,0.7956,-1
157,0.7973,-1
1291,0.7934,-1
1010,0.5935,-1
1766,-1,-1
182,0.18189999999999995,-1
44,0.7943,-1
819,0.7776000000000001,-1
348,0.7927,-1
1,0.17810000000000004,-1
1529,-1,-1
67,0.7994,-1
53,-1,-1
1914,-1,-1
313,0.5385,-1
540,-1,-1
2067,-1,-1
836,0.9991,-1
1740,0.795,-1
156,0.7977,-1
752,0.7992,-1
682,-1,-1
434,0.7967,-1
148,0.5555,-1
2031,0.4,-1
652,0.5385,-1
1479,0.39149999999999996,-1
2089,-1,-1
716,0.5992999999999999,-1
1893,-1,-1
446,-1,-1
458,-1,-1
1685,-1,-1
1049,-1,-1
1868,-1,-1
1183,0.5747,-1
587,-1,-1
209,0.5904,-1
1810,-1,-1
1684,-1,-1
2011,-1,-1
1820,-1,-1
1813,-1,-1
1827,-1,-1
374,0.7967,-1
372,0.7985,-1
466,-1,-1
1045,0.39970000000000006,-1
155,0.5974999999999999,-1
718,-1,-1
1730,-1,-1
1733,-1,-1
1451,0.7973,-1
547,-1,-1
311,0.34540000000000004,-1
19,0.7934,-1
958,0.9991,-1
175,0,-1
829,0.9999,-1
43,-1,-1
1082,0.595,-1
1940,0.7954,-1
857,-1,-1
1861,-1,-1
1602,-1,-1
1702,-1,-1
1736,0.7973,-1
1231,0,-1
362,0.7927,-1
598,0.5346,-1
1060,0.7924,-1
136,0.3994,-1
1034,0.5935,-1
1068,0.39980000000000004,-1
1132,0.3002,-1
597,-1,-1
1953,-1,-1
1990,0.5880000000000001,-1
1998,-1,-1
1295,0.7934,-1
1318,-1,-1
1845,-1,-1
855,-1,-1
817,0.3964,-1
975,0.7921,-1
833,0,-1
2035,0.5496,-1
64,0.7948,-1
205,0.5906,-1
1938,0.7954,-1
432,0.7975,-1
1271,0.5907,-1
732,0.5385,-1
1972,0.3992,-1
803,0.5312,-1
533,0.473,-1
2042,0.3823,-1
762,0.7993,-1
1782,-1,-1
1842,-1,-1
319,0.9989,-1
1519,0.3971,-1
541,-1,-1
617,-1,-1
1909,-1,-1
684,-1,-1
786,-1,-1
270,0.5929,-1
1516,0.5851999999999999,-1
616,-1,-1
841,0.7673,-1
871,0.7986,-1
1403,0.39380000000000004,-1
1552,-1,-1
1666,-1,-1
707,0.7903,-1
1137,0.5901000000000001,-1
1508,0.7984,-1
970,0.7977,-1
1167,0.7975,-1
1180,0,-1
1153,-1,-1
1962,-1,-1
1385,0.5932,-1
1259,0.597,-1
1946,0.7977,-1
1059,0.5864,-1
683,-1,-1
808,0.5908,-1
1754,0.3228,-1
149,0.3981,-1
1430,0.39749999999999996,-1
253,0.5394,-1
177,0.5947,-1
1015,0.5935,-1
1679,-1,-1
1814,-1,-1
791,0.7967,-1
1074,0.5339,-1
172,-1,-1
9,0.17810000000000004,-1
56,0.7636000000000001,-1
21,0.7934,-1
579,-1,-1
1320,0.7985,-1
1483,0.7947,-1
1630,-1,-1
1925,-1,-1
340,0.7927,-1
1186,0.5913999999999999,-1
611,0.7921,-1
1658,-1,-1
1065,0.30489999999999995,-1
891,0.777,-1
767,0.7967,-1
1105,-1,-1
1148,-1,-1
1661,-1,-1
1029,0.5935,-1
1191,0.7943,-1
284,0.7919,-1
61,0.7965,-1
1590,-1,-1
287,0.7943,-1
756,-1,-1
379,0.3921,-1
809,0.5908,-1
1205,0.7606999999999999,-1
1636,0.7882,-1
709,-1,-1
1548,-1,-1
2003,-1,-1
1489,0.55,-1
14,0.20650000000000002,-1
1092,0.4,-1
66,0.7989999999999999,-1
35,-1,-1
1230,0,-1
738,0.5385,-1
830,0.9993,-1
766,0.7972,-1
876,0,-1
1151,-1,-1
1340,0,-1
1668,-1,-1
720,0.9991,-1
1626,0.7984,-1
437,-1,-1
737,0.5385,-1
965,0.7968,-1
1884,-1,-1
1774,-1,-1
2020,-1,-1
1759,0.3228,-1
47,-1,-1
1355,-1,-1
1705,-1,-1
1198,-1,-1
360,0.7927,-1
2022,-1,-1
1101,0,-1
416,-1,-1
1918,-1,-1
1767,-1,-1
735,0.5385,-1
1152,-1,-1
2095,-1,-1
913,0.7972,-1
1923,-1,-1
1071,0.24770000000000003,-1
259,0.7971,-1
1609,-1,-1
1089,0.5984,-1
1987,-1,-1
708,-1,-1
1266,0.5919,-1
1252,0.7827,-1
1526,0.15649999999999997,-1
2007,-1,-1
1653,-1,-1
749,0.7988999999999999,-1
1937,0.7989999999999999,-1
1725,-1,-1
801,0,-1
302,0.39849999999999997,-1
880,0.5671999999999999,-1
717,0.5903,-1
1368,0.3993,-1
1496,0,-1
1781,-1,-1
1788,0.591,-1
1391,-1,-1
1211,0.39970000000000006,-1
1619,-1,-1
1644,-1,-1
40,-1,-1
1676,-1,-1
697,-1,-1
1849,-1,-1
1955,-1,-1
1393,0.7796,-1
895,0.7994,-1
948,0.3994,-1
424,0.7943,-1
955,0.7998000000000001,-1
1125,0.7904,-1
690,0.7648,-1
307,0.32420000000000004,-1
934,-1,-1
206,0.5906,-1
889,-1,-1
317,0.7997,-1
326,0.2932,-1
589,0.5992,-1
1708,-1,-1
1495,0.7905,-1
774,0.7948,-1
79,-1,-1
1094,0.39759999999999995,-1
1958,0.5677,-1
1731,-1,-1
1349,0.5927,-1
115,-1,-1
599,0.19799999999999995,-1
729,0.5385,-1
1001,0.5992,-1
1038,0.5935,-1
951,0.7947,-1
705,0.9991,-1
615,-1,-1
1818,-1,-1
966,0.7968,-1
1450,0.7973,-1
1701,-1,-1
1210,0.39970000000000006,-1
1348,0.5926,-1
1852,-1,-1
1945,0.7904,-1
1441,0.31110000000000004,-1
724,0.5385,-1
1366,0.5927,-1
429,0.7978000000000001,-1
981,0.5991,-1
2063,-1,-1
1317,-1,-1
1533,-1,-1
1182,0.27949999999999997,-1
698,-1,-1
1704,-1,-1
2100,-1,-1
464,0.5852999999999999,-1
1851,-1,-1
710,-1,-1
294,0.5710999999999999,-1
85,-1,-1
1699,-1,-1
1993,-1,-1
1620,-1,-1
1316,-1,-1
1314,0.7985,-1
1357,0.5927,-1
1835,-1,-1
344,0.7927,-1
128,-1,-1
309,0.30489999999999995,-1
1417,0.7972,-1
772,0.26839999999999997,-1
1158,-1,-1
984,0.777,-1
1862,-1,-1
415,0.7946,-1
1376,0.5885,-1
1878,-1,-1
659,0.7927,-1
1578,0.5933999999999999,-1
166,0.6,-1
744,0.7988999999999999,-1
1133,0.5908,-1
1539,-1,-1
328,0.7955,-1
655,-1,-1
1323,-1,-1
1382,0.7927,-1
1107,-1,-1
2094,-1,-1
969,0.5385,-1
1030,0.5935,-1
548,-1,-1
993,0.7934,-1
765,0.7972,-1
1212,0.3124,-1
942,0.7904,-1
214,0.7988999999999999,-1
696,-1,-1
642,0,-1
227,0.7972,-1
1330,0.5352,-1
1412,-1,-1
1418,0.5939,-1
1464,0.7973,-1
1373,0.5796,-1
1718,-1,-1
243,0.7967,-1
1278,0.5927,-1
1887,-1,-1
1967,0.7921,-1
1407,0.7719,-1
2074,-1,-1
1043,0.5935,-1
69,0.7971,-1
197,0.7988999999999999,-1
554,-1,-1
1327,-1,-1
609,0.7978000000000001,-1
364,0.7927,-1
660,-1,-1
1671,-1,-1
1275,0.2702,-1
879,0.7649,-1
1522,0.15649999999999997,-1
1557,0.775,-1
741,0.7988999999999999,-1
1197,0.7943,-1
823,0.9992,-1
596,0.7776000000000001,-1
2030,-1,-1
75,-1,-1
591,-1,-1
152,0.9995,-1
954,0.39970000000000006,-1
922,-1,-1
663,-1,-1
1815,-1,-1
2103,-1,-1
874,0.5747,-1
1610,-1,-1
230,0.7959,-1
583,0.8,-1
271,0.5929,-1
1960,-1,-1
910,0.7963,-1
1264,0.7887,-1
906,0.796,-1
1142,-1,-1
1670,-1,-1
234,0.795,-1
1246,0,-1
1344,0.5968,-1
1742,0.3228,-1
1883,-1,-1
1707,-1,-1
254,0.7991,-1
1309,0.7986,-1
296,0.5987,-1
468,0.7974,-1
795,0.7973,-1
1077,0.5954999999999999,-1
203,0.39970000000000006,-1
1285,0.7991,-1
1386,0.7946,-1
42,-1,-1
39,0.7988999999999999,-1
180,0.7796,-1
1656,-1,-1
1560,0.7606999999999999,-1
1388,-1,-1
853,-1,-1
646,0,-1
674,-1,-1
1052,0.7904,-1
174,0.5677,-1
640,-1,-1
1111,0.7783,-1
1839,-1,-1
785,-1,-1
770,0.39880000000000004,-1
781,0.796,-1
443,-1,-1
70,0.5802,-1
1478,0.7642,-1
5,0.17810000000000004,-1
1021,-1,-1
1908,-1,-1
280,0.39980000000000004,-1
181,0.9999,-1
103,-1,-1
1367,0.5315,-1
1806,-1,-1
802,0.5312,-1
2036,0.473,-1
457,-1,-1
78,0.7936,-1
1169,0.5922000000000001,-1
1284,0.7959,-1
170,0.5852999999999999,-1
901,0.7963,-1
2054,-1,-1
1757,0.3228,-1
1807,-1,-1
866,0.4,-1
1799,-1,-1
1482,0.7953,-1
1061,0.7924,-1
1429,0.7874,-1
600,-1,-1
834,1.0,-1
2106,-1,-1
99,-1,-1
719,0.7979,-1
1947,0.7977,-1
799,0.011199999999999988,-1
2005,-1,-1
552,-1,-1
695,-1,-1
816,0.3964,-1
549,-1,-1
1510,0.5942000000000001,-1
1213,-1,-1
1580,0.5933999999999999,-1
680,-1,-1
1910,-1,-1
1308,0.7986,-1
721,0.7991,-1
1047,0.7894,-1
267,0.5903,-1
753,0.7992,-1
821,0.5718,-1
1476,0.7682,-1
1157,-1,-1
628,-1,-1
1876,-1,-1
1584,0,-1
168,0.7947,-1
691,-1,-1
1374,0.7995,-1
1606,-1,-1
1322,0.7985,-1
1384,0.7952,-1
1977,-1,-1
592,-1,-1
702,-1,-1
1113,0.5402,-1
418,-1,-1
1387,0.7946,-1
1607,-1,-1
553,-1,-1
2015,-1,-1
120,-1,-1
114,-1,-1
863,0.5984,-1
1970,-1,-1
1506,-1,-1
1783,0.591,-1
1655,-1,-1
2894,0.24980000000000002,-1
776,0.7943,-1
1826,-1,-1
1728,-1,-1
822,0.3903,-1
675,0.39970000000000006,-1
1633,0.7882,-1
2068,-1,-1
1959,0.5677,-1
1793,-1,-1
18,0.7921,-1
1470,0.7994,-1
1289,0.7934,-1
1872,-1,-1
1696,-1,-1
1563,0.7934,-1
1022,0.5935,-1
116,-1,-1
273,0.3903,-1
223,0.7998000000000001,-1
1499,0.7796,-1
154,0.9997,-1
1424,0,-1
1794,-1,-1
76,0.7855,-1
831,0.9993,-1
171,0.5796,-1
606,0.5906,-1
818,0.3964,-1
959,0.9991,-1
1622,-1,-1
1312,0.7985,-1
1776,0.7977,-1
1463,0.7973,-1
1140,0.7904,-1
1228,0.5977,-1
1963,-1,-1
255,0.7985,-1
1268,-1,-1
1474,0.7682,-1
1118,0.5402,-1
900,0.7963,-1
881,0.5621,-1
1459,0.7973,-1
278,0.7942,-1
728,0.5385,-1
952,0.5796,-1
1324,0.39790000000000003,-1
26,0.7985,-1
343,0.7927,-1
898,0.7963,-1
1206,0.7902,-1
217,0.7988999999999999,-1
882,0.7706999999999999,-1
454,0.5971,-1
1854,-1,-1
1971,-1,-1
1414,0.7967,-1
392,-1,-1
1416,0.7967,-1
759,0.5998,-1
530,0.20650000000000002,-1
1936,-1,-1
1218,0.5729,-1
1240,0.5373,-1
417,-1,-1
391,-1,-1
1643,0.7882,-1
1141,0.5985,-1
1665,-1,-1
105,-1,-1
1863,-1,-1
1415,0.7582,-1
1975,-1,-1
414,-1,-1
980,0.5991,-1
10,0,-1
188,0.7999,-1
17,0.7921,-1
849,1.0,-1
1267,0.5919,-1
1184,-1,-1
224,0.7973,-1
1097,0.7987,-1
1129,0.7904,-1
345,0.7927,-1
308,-1,-1
1260,-1,-1
380,-1,-1
459,-1,-1
1301,0.5385,-1
2012,-1,-1
704,-1,-1
295,-1,-1
937,-1,-1
763,0.7971,-1
2107,-1,-1
1371,0.5796,-1
1553,0.771,-1
925,-1,-1
34,0.023299999999999987,-1
1870,-1,-1
456,-1,-1
1790,0.5760000000000001,-1
1591,-1,-1
430,0.5912,-1
83,-1,-1
1749,0.3228,-1
1565,-1,-1
1687,-1,-1
715,0.7965,-1
973,0.7977,-1
1752,0.3228,-1
1992,0.5880000000000001,-1
1761,-1,-1
1939,0.7954,-1
261,0.7946,-1
2090,-1,-1
912,0.7959,-1
1618,-1,-1
1889,-1,-1
1392,0.796,-1
1003,0.9998,-1
1258,0.5900000000000001,-1
1226,-1,-1
1648,-1,-1
1805,-1,-1
1848,-1,-1
216,0.7988999999999999,-1
661,0.7927,-1
1119,0.5402,-1
1419,0.5939,-1
1576,0.5933999999999999,-1
1310,0.7985,-1
1511,0.5716,-1
725,0.5385,-1
1035,0.5935,-1
1102,0.39859999999999995,-1
210,0,-1
1465,-1,-1
338,0.19799999999999995,-1
815,0.5992999999999999,-1
787,-1,-1
1273,0.5602,-1
688,0.7648,-1
198,0.5993999999999999,-1
921,0.7974,-1
1006,0.591,-1
262,0.7967,-1
1116,0.5402,-1
634,-1,-1
1058,0.5864,-1
160,0.7994,-1
1672,-1,-1
1455,0.7998000000000001,-1
1423,0.5981000000000001,-1
2027,-1,-1
960,0.7796,-1
400,-1,-1
1538,-1,-1
641,0.7927,-1
761,0.5919,-1
1719,-1,-1
782,0.796,-1
249,0.7966,-1
1920,-1,-1
745,0.7988999999999999,-1
1562,0.7606999999999999,-1
1816,-1,-1
1649,-1,-1
1716,-1,-1
202,0.7796,-1
852,-1,-1
263,0.7947,-1
574,-1,-1
1080,0.20030000000000003,-1
1306,0.7989999999999999,-1
1146,-1,-1
420,0.7943,-1
713,0.7973,-1
1397,-1,-1
1131,0.7983,-1
1681,-1,-1
55,0.5796,-1
132,-1,-1
390,0.5974999999999999,-1
3,0.17810000000000004,-1
2056,-1,-1
1997,-1,-1
406,-1,-1
832,0.9993,-1
610,0.7978000000000001,-1
88,-1,-1
382,0.7706,-1
917,0.796,-1
1160,-1,-1
2065,-1,-1
1341,0.5332,-1
918,0.7972,-1
1693,-1,-1
281,0.7943,-1
945,0.7801,-1
2091,-1,-1
196,0.7867999999999999,-1
366,0.7927,-1
1305,0.7989999999999999,-1
1535,-1,-1
1921,-1,-1
1108,0.9991,-1
1274,0.39949999999999997,-1
534,-1,-1
381,-1,-1
100,0.9952,-1
1090,0.4,-1
1899,-1,-1
996,0.5602,-1
639,-1,-1
1379,0.7925,-1
1734,-1,-1
165,-1,-1
387,0,-1
1748,0.3228,-1
1128,0.7904,-1
298,0.5898,-1
528,0.17810000000000004,-1
1114,0.5402,-1
1903,-1,-1
1779,-1,-1
1678,-1,-1
845,0.9999,-1
1628,0.7997,-1
1494,0.5997,-1
352,0.7927,-1
1756,0.3228,-1
1245,0,-1
779,0.7943,-1
1473,0.7595000000000001,-1
1454,0.5879,-1
1932,-1,-1
999,-1,-1
1686,-1,-1
289,0.5943,-1
1358,0.5927,-1
187,0.5967,-1
2004,-1,-1
146,0.5421,-1
991,0.5938,-1
1460,0.7973,-1
1663,0.7947,-1
1172,0.3909,-1
1254,0.5898,-1
57,0.39970000000000006,-1
1120,0.5402,-1
748,0.7988999999999999,-1
1512,0.5796,-1
1072,0.7925,-1
856,-1,-1
299,0.5951,-1
1281,0.796,-1
51,-1,-1
632,0.7992,-1
293,0.34540000000000004,-1
1328,0.7986,-1
839,0.9991,-1
1181,0.3981,-1
341,0.7927,-1
1657,-1,-1
444,-1,-1
1300,0.9991,-1
213,0.5962000000000001,-1
435,0.7946,-1
463,-1,-1
2079,-1,-1
1431,0.37629999999999997,-1
176,0,-1
145,0.3228,-1
1236,0.999,-1
907,0.7959,-1
367,0.7927,-1
1765,-1,-1
872,0.7979,-1
377,0.5972,-1
1033,0.5935,-1
90,-1,-1
1634,0.7882,-1
1028,0.5935,-1
1915,-1,-1
650,0.34540000000000004,-1
97,0.7965,-1
804,0.5961000000000001,-1
1222,0.7967,-1
1741,0.3228,-1
797,0.5747,-1
1462,0.7973,-1
529,-1,-1
2078,-1,-1
1900,-1,-1
1461,0.7973,-1
769,0.7977,-1
1369,0.25980000000000003,-1
1927,-1,-1
1363,0.5927,-1
1694,-1,-1
1570,0.5933999999999999,-1
792,0.7967,-1
1179,0,-1
777,0.7943,-1
946,0.7947,-1
1073,0.7925,-1
1942,0.794,-1
1785,0.591,-1
545,-1,-1
2096,-1,-1
929,-1,-1
1009,0.5935,-1
807,0.7979,-1
1051,0.7956,-1
282,0.7992,-1
1906,-1,-1
1523,0.17810000000000004,-1
1234,0.9991,-1
784,-1,-1
1342,0.5332,-1
1662,-1,-1
1315,0.7985,-1
1166,0.7992,-1
1680,-1,-1
1738,0.795,-1
558,0.7988999999999999,-1
140,1.0,-1
824,0.9991,-1
1597,-1,-1
371,0.3921,-1
537,-1,-1
1241,0.5473,-1
1647,-1,-1
997,0.399,-1
1882,-1,-1
1857,-1,-1
1902,-1,-1
112,-1,-1
2097,-1,-1
336,0.7662,-1
303,0.39780000000000004,-1
1804,-1,-1
1642,0.7882,-1
751,0.7992,-1
1396,-1,-1
12,0.20650000000000002,-1
1654,-1,-1
492,-1,-1
846,0.5933999999999999,-1
59,0.7882,-1
700,-1,-1
1669,-1,-1
389,-1,-1
1803,-1,-1
451,-1,-1
1446,0.5702,-1
983,0.5991,-1
231,0.7977,-1
689,0.7648,-1
1185,-1,-1
1786,0.591,-1
2077,-1,-1
138,0.5242,-1
193,0.5904,-1
276,0.7945,-1
1583,0.46319999999999995,-1
445,-1,-1
923,-1,-1
54,0.7977,-1
2060,-1,-1
325,0.39970000000000006,-1
421,0.7943,-1
854,-1,-1
2000,-1,-1
123,-1,-1
1019,0.5935,-1
877,0.777,-1
1755,0.3228,-1
2071,-1,-1
269,0.3903,-1
1395,0.5729,-1
399,-1,-1
1832,-1,-1
1667,-1,-1
1881,-1,-1
1449,0.3228,-1
30,0.7947,-1
315,0.7997,-1
569,0.7514000000000001,-1
1795,-1,-1
365,0.7927,-1
563,0.7969999999999999,-1
1808,-1,-1
848,1.0,-1
113,-1,-1
401,0.7974,-1
385,-1,-1
369,0.7927,-1
572,-1,-1
1664,-1,-1
38,0.7965,-1
252,0.7968999999999999,-1
2055,-1,-1
327,0.5905,-1
71,-1,-1
256,0.7978000000000001,-1
1332,0.5399,-1
334,0.7839,-1
624,0.39980000000000004,-1
359,0.7927,-1
1691,-1,-1
1084,0.5969,-1
764,0.591,-1
920,0.7975,-1
1621,0.7997,-1
245,0.7995,-1
1110,0.7783,-1
354,0.7921,-1
472,-1,-1
1961,-1,-1
11,0.20650000000000002,-1
441,-1,-1
703,0.7919,-1
840,0.9997,-1
1901,-1,-1
1969,-1,-1
542,-1,-1
1250,0.9925,-1
158,0.9996,-1
1865,-1,-1
2025,-1,-1
1809,-1,-1
23,0.7947,-1
1345,0.5926,-1
1083,0.4,-1
573,-1,-1
629,-1,-1
805,0.7979,-1
638,0.7971,-1
108,-1,-1
631,-1,-1
730,0.5385,-1
1784,-1,-1
1079,0.7928,-1
1596,-1,-1
1625,-1,-1
1603,-1,-1
1037,0.5935,-1
1811,-1,-1
1411,0.5877,-1
1187,0.2932,-1
1282,0.7959,-1
947,0.5999,-1
851,-1,-1
1018,0.5935,-1
1194,0.7943,-1
1973,-1,-1
1847,-1,-1
1159,-1,-1
411,0.7903,-1
1582,0.5933999999999999,-1
1297,-1,-1
1004,0.591,-1
1599,-1,-1
723,0.7994,-1
1365,0.5927,-1
1399,0.9951,-1
1525,0.15649999999999997,-1
1905,-1,-1
701,-1,-1
1290,0.7934,-1
916,0.7965,-1
1974,0.5945,-1
2057,-1,-1
1193,0.7943,-1
924,-1,-1
212,0.5796,-1
577,0.9995,-1
124,0,-1
1235,0.7999,-1
95,0.5916,-1
173,0.7994,-1
1966,-1,-1
1203,0.7994,-1
283,0.793,-1
949,0.5796,-1
139,0.7711,-1
743,0.7988999999999999,-1
1954,-1,-1
1041,0.5935,-1
1941,0.5987,-1
1928,0.7967,-1
962,0.5813999999999999,-1
1372,0.5992999999999999,-1
986,0.5938,-1
1762,-1,-1
1394,0.7796,-1
1472,0.38980000000000004,-1
1964,-1,-1
25,0.7985,-1
1352,0.5927,-1
1016,0.5935,-1
2076,-1,-1
1571,0.5933999999999999,-1
1792,-1,-1
335,0.39339999999999997,-1
1601,-1,-1
736,0.5385,-1
1917,-1,-1
875,0.3994,-1
1517,0.7964,-1
241,0.7927,-1
1178,0.5399,-1
953,0.39970000000000006,-1
2024,-1,-1
412,0.5938,-1
1688,-1,-1
1569,0,-1
489,0.5827,-1
1442,0.31110000000000004,-1
837,0.9991,-1
219,0.7988999999999999,-1
1109,0.9999,-1
1763,-1,-1
290,0,-1
760,0.5864,-1
36,-1,-1
268,0.5903,-1
1227,0.7961,-1
436,0.7986,-1
750,0.7988999999999999,-1
1437,-1,-1
1720,-1,-1
1885,-1,-1
676,-1,-1
1556,-1,-1
266,0.3903,-1
1492,0,-1
353,0.7927,-1
1823,-1,-1
1171,-1,-1
363,0.7927,-1
1886,-1,-1
8,0.17810000000000004,-1
1251,-1,-1
1257,0,-1
1427,0.5581,-1
41,-1,-1
1916,-1,-1
150,0.5992,-1
147,0.7934,-1
644,0,-1
1645,-1,-1
914,0.7972,-1
1192,0.7946,-1
568,-1,-1
1302,0.7992,-1
585,0.9991,-1
91,-1,-1
1121,0.5942000000000001,-1
850,0.9991,-1
1261,0,-1
2039,0.4971,-1
1501,0.5796,-1
347,0.7927,-1
1727,-1,-1
1057,0.5864,-1
2070,-1,-1
935,-1,-1
169,0.39780000000000004,-1
961,0.7965,-1
1856,-1,-1
1173,0.3228,-1
1682,-1,-1
1325,0.39790000000000003,-1
1574,0.5933999999999999,-1
467,-1,-1
1303,0.7989999999999999,-1
1064,0.7924,-1
1764,-1,-1
1130,0.5879,-1
1513,0.5385,-1
789,0.7967,-1
1149,-1,-1
1875,-1,-1
92,0.5426,-1
727,0.5402,-1
1378,0,-1
410,-1,-1
1800,-1,-1
1027,0.5935,-1
1163,0.7988,-1
885,0.7907,-1
1595,-1,-1
237,0.7947,-1
835,1.0,-1
1828,-1,-1
1276,0.5697,-1
844,0.9995,-1
1055,0.591,-1
893,0.5699000000000001,-1
1611,-1,-1
1475,0.771,-1
288,0,-1
1144,-1,-1
306,0.525,-1
465,0.39970000000000006,-1
125,-1,-1
813,0.5919,-1
1075,0.5954999999999999,-1
892,0.3244,-1
989,0.5942000000000001,-1
1537,-1,-1
1263,0.3993,-1
1737,-1,-1
452,-1,-1
2098,-1,-1
780,0.7943,-1
964,-1,-1
438,0.7958000000000001,-1
101,-1,-1
2008,-1,-1
58,0.7835,-1
1527,0.15649999999999997,-1
1985,-1,-1
739,0.7988999999999999,-1
1604,-1,-1
604,-1,-1
300,0.5898,-1
608,0.7978000000000001,-1
884,0.7838,-1
1812,-1,-1
1346,0.7999,-1
1706,-1,-1
1726,-1,-1
1425,-1,-1
1477,0.7733,-1
1768,-1,-1
342,0.7927,-1
1434,0.5785,-1
1573,0.5933999999999999,-1
330,0.7954,-1
316,0.7997,-1
1070,0.9991,-1
355,0.7927,-1
163,0.7988999999999999,-1
1406,0,-1
201,0.7988999999999999,-1
357,0.7927,-1
613,0.7982,-1
62,0.7988999999999999,-1
1830,-1,-1
349,0.7927,-1
1651,-1,-1
2001,-1,-1
1112,0.5402,-1
1237,0.7816,-1
1081,0.4498,-1
734,0.7776000000000001,-1
1279,0.5992999999999999,-1
378,0.3921,-1
2073,-1,-1
96,-1,-1
358,0.7927,-1
28,0.7919,-1
1836,-1,-1
393,0.9991,-1
2072,-1,-1
1919,-1,-1
1063,0.7924,-1
1313,0.7985,-1
1359,0.5927,-1
622,0.3921,-1
1561,0.7606999999999999,-1
1612,0.7942,-1
1156,-1,-1
1930,-1,-1
257,0.7985,-1
858,-1,-1
1674,-1,-1
1200,0.3892,-1
1127,0.7904,-1
1311,0.7985,-1
264,0.7986,-1
260,0.7971,-1
757,0.3973,-1
1690,-1,-1
199,0.7967,-1
1115,0.5402,-1
448,-1,-1
373,0.5833999999999999,-1
1743,0.3228,-1
605,0.7904,-1
1170,0,-1
1547,-1,-1
130,0.5598000000000001,-1
731,0.5385,-1
1855,-1,-1
686,0.7648,-1
1364,0.5927,-1
1339,0,-1
1104,0.5919,-1
1468,0.7994,-1
1551,-1,-1
1168,0.7938000000000001,-1
1438,0.5802,-1
1758,0.3228,-1
788,0,-1
933,-1,-1
1732,-1,-1
2026,-1,-1
1500,0.5796,-1
586,0.9991,-1
1286,-1,-1
388,-1,-1
493,-1,-1
778,0.7943,-1
422,0.7943,-1
2102,-1,-1
1675,-1,-1
1503,0.5796,-1
1354,-1,-1
333,0.7733,-1
1024,0.5935,-1
1859,-1,-1
419,-1,-1
1421,-1,-1
337,0.786,-1
559,-1,-1
941,0.7972,-1
1445,0.32210000000000005,-1
1336,0,-1
1689,-1,-1
1986,-1,-1
383,0.5346,-1
2081,-1,-1
81,-1,-1
938,-1,-1
1020,0,-1
1447,0.5802,-1
1370,0.5796,-1
985,0.5938,-1
1124,0.7958000000000001,-1
1480,0.7802,-1
1329,0.5777,-1
1229,0.5961000000000001,-1
1521,0.15649999999999997,-1
1841,-1,-1
712,0.7976,-1
1541,-1,-1
1280,0.5964,-1
1549,-1,-1
1840,-1,-1
440,-1,-1
2080,-1,-1
141,0.9991,-1
1746,0.3228,-1
1093,0.39759999999999995,-1
2037,0.7202,-1
190,0.5947,-1
22,0.7992,-1
603,0,-1
1053,0.7904,-1
50,0.39980000000000004,-1
570,0.7789,-1
523,0.5938,-1
413,-1,-1
1088,0.5988,-1
1846,-1,-1
1623,-1,-1
722,0.7994,-1
979,0.5385,-1
1976,-1,-1
1700,-1,-1
185,0.7947,-1
1780,-1,-1
1926,-1,-1
612,0.7921,-1
1646,-1,-1
144,0.4796,-1
159,0.7992,-1
194,0.399,-1
1335,0.31810000000000005,-1
1697,-1,-1
1062,0.7924,-1
1439,0.5385,-1
1032,0.5935,-1
1640,0.7882,-1
2014,-1,-1
189,0.5938,-1
1789,0.591,-1
1294,0.7934,-1
1879,-1,-1
800,0.2764,-1
746,0.5928,-1
1288,0.7934,-1
312,0.5385,-1
46,0.516,-1
1155,-1,-1
1531,-1,-1
462,-1,-1
1981,-1,-1
1895,0.473,-1
251,0.7966,-1
396,-1,-1
2066,-1,-1
118,-1,-1
1952,-1,-1
1515,0,-1
1221,0.2976,-1
1099,0.7987,-1
1223,0,-1
1209,0.5385,-1
1632,0.7882,-1
314,0.5385,-1
178,0.7798,-1
1498,0,-1
576,0.33020000000000005,-1
1046,0.39970000000000006,-1
899,0.7964,-1
1703,-1,-1
184,0.795,-1
1991,0.5880000000000001,-1
1821,-1,-1
685,-1,-1
1054,0.7904,-1
2075,-1,-1
2061,-1,-1
2104,-1,-1
1530,0.39770000000000005,-1
1269,0.5919,-1
1772,-1,-1
1195,0.7943,-1
1922,-1,-1
134,0.19010000000000005,-1
1307,0.7974,-1
1888,-1,-1
988,0.5942000000000001,-1
104,-1,-1
361,0.7927,-1
623,0.3921,-1
903,0.7963,-1
1362,0.5927,-1
1825,-1,-1
677,0.39970000000000006,-1
936,-1,-1
1398,0,-1
1432,0.5907,-1
1524,0.15649999999999997,-1
2021,0.5757,-1
687,0.7648,-1
4,0.17810000000000004,-1
1143,-1,-1
1999,-1,-1
1586,-1,-1
1177,0.7993,-1
1502,0.5796,-1
1536,-1,-1
976,0.6,-1
77,-1,-1
1488,0.55,-1
1380,0.5373,-1
673,-1,-1
1287,0.7934,-1
398,-1,-1
292,0.7994,-1
1175,0.39159999999999995,-1
1202,0.39949999999999997,-1
2016,-1,-1
72,-1,-1
838,0.9991,-1
167,0.5796,-1
956,0.7998000000000001,-1
575,0.5202,-1
1744,0.3228,-1
1798,-1,-1
1994,-1,-1
2032,-1,-1
1012,-1,-1
1850,-1,-1
2010,-1,-1
1067,0.7963,-1
49,0.30779999999999996,-1
1023,0.5935,-1
864,0.5947,-1
447,-1,-1
1452,-1,-1
1778,-1,-1
1867,-1,-1
1898,-1,-1
1381,0.7927,-1
1375,0.5938,-1
229,0.7947,-1
33,-1,-1
1550,-1,-1
442,-1,-1
775,0.7943,-1
2009,-1,-1
890,0.5907,-1
1103,0.5919,-1
402,-1,-1
1135,0.5985,-1
1659,-1,-1
926,-1,-1
919,0.7963,-1
870,0.7948,-1
1347,0,-1
1453,0.3599,-1
1534,-1,-1
911,0.7963,-1
1652,-1,-1
1683,-1,-1
1641,0.7882,-1
1544,0,-1
1950,-1,-1
894,0.2842,-1
1139,0.7904,-1
806,0.7979,-1
2085,-1,-1
151,0.5927,-1
2093,-1,-1
678,-1,-1
162,0.5947,-1
